remove_FI91601_value 520
fill value
2022-08-20 09:24:10
linear_regression:
r2 = 0.08366877689672825
MSE = 372.7734924195398
RMSE = 19.307342966331223
slope : [0.04240050351449801, -0.30231934191840437, -0.032104231815025606, -208.16636750843034, -637.7159597129513, 0.00020252610284626077, 2.364800189459126, 0.006488877749612864, 0.004097091500585959, 0.026256348538311436, 0.06374688738370424, -91.97492408506817, -23.162358259410514]
intercept : 216.4757289838068

2022-08-20 09:24:10
lasso:
r2 = 0.08013165862453098
MSE = 374.2124305438597
RMSE = 19.344571087099855
slope : [0.0429520335661674, -0.291956045650352, -0.02646374718567607, -0.0, -0.0, 0.00022500043393550523, 0.0, 0.0074776901142726586, 0.00533205813199314, 0.04148077853743612, 0.06772380354514909, -0.0, -0.0]
intercept : 149.37094792808193

2022-08-20 09:24:10
polynomial:
degree :1
r2 = 0.08366877689606078
MSE = 372.77349241981136
RMSE = 19.307342966338258
slope : [0.0, 0.04240050351456574, -0.3023193419172167, -0.032104231815732596, -208.16636750845453, -637.7159597137831, 0.0002025261029366919, 2.36480018946248, 0.00648887774907695, 0.004097091500548156, 0.02625634853822886, 0.0637468873832233, -91.97492408506685, -23.162358259410826]
intercept : 216.4757289835169

2022-08-20 09:24:59
polynomial:
degree :2
r2 = -0.07944955720670799
MSE = 439.13180210964003
RMSE = 20.955471889452646
slope : [-12.205995380170318, -10.057234567879785, 44.24345905372839, 16.60084586205286, 67959.08293925638, -229010.87989804157, -6.304512266047153, -847.2319463418679, 1.3664402447785486, -0.15062441396632073, -12.564545115250844, 5.886454854670321, -123542.70463375947, 22984.993931609828, -0.00024049757126053182, 0.008913971037734406, 0.018642713350630266, 20.963316127315522, -4.337627006070593, 0.000661517630671547, 1.1829828863017138, 0.0003945859283265721, 7.970483080507393e-06, 0.0003808063413822515, 0.0028252572814538163, 10.03129600720906, -0.25789395869880244, -0.029638240976690215, 0.015928051939263235, -41.92367094287966, 151.9404847329508, 0.006792737187887671, 2.406310482165836, -0.0006666799454251304, -8.389410868403502e-05, -0.008902071785087173, 0.008406838125665672, -31.805157277437843, 10.366205597187218, -0.009330434739240445, -104.28949783978305, -90.36353610911515, -0.01568956950586653, 2.7073839958669623, 0.0017492397892056033, -0.0007439010369125754, -0.01982144128123764, 0.03785764050553553, -39.16458914442267, -10.61461891454465, -2263.776774619835, -170681.58112997803, -8.048376254242118, 4141.984504203707, 1.6673324050766354, -1.7484431173240864, 13.417682704307246, -25.120367989709184, -59845.65704113493, -18341.13379273143, -673833.011650222, 312.9188875921496, -27641.069741752977, 24.296787385260853, -6.945635374098657, 386.97073330367886, -420.03513224937177, 454411.0296071642, -162239.22634865448, -7.842077593522845e-06, -1.0617708173587062, -0.00015283045649994165, 0.00011940292461076751, 0.0022820603699074127, 0.007970830418344121, 0.04486618008397869, 4.27681457146349, -33.86790749129236, 0.02087644797484245, 0.06579472974408418, -0.13169004026167386, -1.038648093326401, -3309.094854591918, 2644.971161256481, -2.5824614567682147e-05, 5.068604878033511e-06, 0.0009524273918941617, -3.554016802809201e-05, -2.173156857500203, -0.09023566761152324, -2.644583219080232e-09, 0.0001878391849459149, -6.328767449303996e-05, 0.44855264216676005, -0.06818531915632775, -0.000978313331870595, 0.005818019934963559, 40.77205228051025, -11.23612693223015, -0.007191310593043454, -23.312127284369126, 4.377701465004748, 164591.7517701271, -61520.62557367414, 2321.0681774262107]
intercept : 14508.452785125966

2022-08-20 09:25:05
polynomial:
degree :3
r2 = -21.454038432940187
MSE = 9134.546673224453
RMSE = 95.57482238133876
slope : [1082.171829783288, -633.9725831483483, 834.9185473639948, -440.11009384149594, -18.74823184948224, -2.547361127902259, 58.97858012163258, 12.239837246127665, 220.81114207435323, -32.98964750690628, -680.5135022765556, 1492.65096635467, -1.1630199218672859, -5.012115332625899, -0.34467566297371993, 2.3447550658804044, 5.421789115168671, -656.4408340671191, 58.13648750124671, -1.0606374993170575, 227.2694194740021, 0.2661613927362725, 0.05406613078867603, -0.30499069029599457, 0.2290613073275125, -34.64022078584566, -870.5538420480441, -1.9282606854582993, -0.030706885228888772, -1302.6146649824711, 472.8388683521016, 1.618951761503819, -102.36456540296791, -0.0490713026408508, 0.10164397211232101, 2.8767878085050347, -4.352761395900459, 50.105513450444924, 231.51001992556672, 0.6165813810034487, 161.92915216471562, 3.1298650962447754, 1.3275379912957628, -815.5198722092033, -0.487506815808015, 0.12800304278049157, -4.525018684945093, 7.630174087015378, -97.00279660517211, 657.8382287966612, -0.01353891562021937, 0.06373490474093124, -197.88320108237096, 1.0498117053015341, 737.5242759475323, 69.63371646237117, 600.055139637333, 1086.783272682557, -2.2293651213667336, 0.42619527552431646, -0.043713820161618795, -134.40192097397093, 0.5704579160659351, -314.00440009137196, -97.24544408303763, 13.827896603648888, 63.09559112547183, 0.5102677605835708, -0.3176755819375627, -0.5006445542965322, 52.945527246353414, 0.22477282614073882, -0.06842574229779452, 0.11060834212032787, -0.18407064756021907, -380.2133431252236, -1524.1734421254082, -1.6358085645333362, -36.82959835330819, 9.345176074212397, 64.74428911342362, 286.2796793965168, 5.366858913202552, 3.778062082995369, -0.0038431672102023917, 0.003057866170475876, -0.3629806062230587, 0.6003646579472526, -1033.2956210849704, 138.04228596837143, -4.416365801773736e-05, -0.06674876635215021, -0.0003239002091823401, 31.375669881065924, -1.9635862899171277, 1.265611625746946, -4.553432089776785, 174.45149552746443, 903.7605735918064, 2.674139920738009, -760.4308255941428, -1845.268138893823, -0.8177274339771056, -3.2029691128346176, -2.5771309298067435, 2.2943051831703087e-05, -0.0003865857646587756, -0.0022475623176623216, 3.4334171011603907, 1.8424584854803407, -0.00026248417708529814, -0.16626942558898494, 1.3035466395194817e-05, -1.9121576144698338e-05, 0.00039483472213674986, -7.872804875574957e-05, 1.5310677800955554, -0.32387885596044885, -0.003126326377728361, -0.0033955848042808157, 3.8894908472419347, 13.198022769360236, 0.00020829908487485227, -0.11379266025401577, -1.0782559471067543e-05, 6.276471732746813e-05, -0.0009129108261127783, 0.001359329543594967, 1.5737388204346416, 0.02788006197664064, 0.003141125498667796, -0.7048478605918324, -30.510603778464777, -6.510151472127745e-06, -1.530224529760619, 0.000130269607552691, -0.00011884568260711603, -0.0038999664264864897, 0.004483779259984555, -1.3566245332161362, -6.6551442962762195, -75.41380757438647, 5.778471804573173, -9.96538972106524, -1657.879593223663, -0.6318891574263056, -0.18686419517823596, 23.425108043608425, -19.868515378079042, -246.6004847668854, -297.6299643023587, -8.417579342031619, 29.491723155961544, -133.88364772850667, 4.18412353340361, -0.8414881378719802, -24.998441063658234, -39.52149216229758, 15.712589953874334, -10.05030567502321, 0.0009784435893429588, -0.426053797995274, -3.3218310286464714e-05, 3.982385698009239e-05, 0.0021064553052809742, -0.0010836741436284214, 1.29456335005012, 0.11598542201674547, -12.658368649044752, -0.0014940249670293837, -0.013678405067320598, -0.11128998272528967, 0.1212754271901128, 110.01711120091414, -284.2594196535894, -1.3531232525565429e-06, -4.830432317248778e-06, 7.270852532048622e-05, -5.293111789583804e-05, -0.47675448944646936, -0.007325012759496069, 2.620245105333652e-07, -8.207370954949056e-05, 3.8584000748187464e-05, -0.2277656220563813, 0.07765399101360881, -0.0019557786790889153, 0.0013459604761569821, 3.5267283239357337, -1.520781478660337, 0.00046998394878006167, -3.682248725401253, 1.7551080527421754, 157.3370430362932, 226.4500799691364, 655.2742597384886, 0.0009340788105305364, -0.0015747050720169575, 2.2466568651238634, -0.4398281702781071, 0.0003036056323253433, -0.0029041897133867955, 5.8192586266159196e-05, -3.317239441003039e-05, 0.0008674091008344931, 0.0009109610212476582, 0.7756398443649415, 0.10318043214546435, -0.00422409552961156, 1.942857985728364, 35.35097878260665, 0.002670403578541425, -0.08011901375310342, -0.00015334403949651687, 6.637257570218935e-05, 0.0013014968353228795, -0.006427815082444388, 2.8762816249670458, 1.3336819190800897, 149.58952904357807, 47.97821593732847, -0.13174340146945965, 210.59268921191332, -0.5099897664963555, -0.15469579276525525, -3.641336786544662, -2.245235611312713, -472.7731765653781, 911.4498129171517, -20.918454058677035, 0.4379403284290248, 476.8634974139778, 2.0059477373970065, -0.0038374168477101345, -10.769036092303205, -2.2145985903005525, 63.63157265100897, -345.13381956301583, -6.0235385824114474e-05, 0.1099987184389779, 9.86768238675495e-05, -1.9384074391837203e-05, -0.0019141270784786002, 0.0017314492763773615, -4.29775159401773, 0.5769649591750511, 2.786660762192096, 0.009484334951941342, -0.005449622506372265, 0.24609929737023517, 0.05745782115092857, 281.9970756016481, -96.1158415941708, -6.1139672880017315e-06, -1.4545694853040914e-06, 0.00011490985815498789, -0.0004684979192859373, 0.032598208401950046, 0.028407223769946643, -9.298496479459573e-07, -0.0001412970578940076, 0.0001541926404371452, -0.09862143044005123, -0.031014035377511462, 0.0015285185638447274, -0.0023960249281547163, -6.053503057096194, -0.6661030403628767, -0.0005373134077863995, 5.195565482773053, 1.3909013125369138, -300.9710769427538, -415.17962534534803, -91.19429881720689, 0.0007255465549436124, 7.786295149729702, -210.36701016787666, -0.0037221270231453385, -0.5914795771344972, -1.9219126340175308e-05, -6.827205919535118e-05, -0.000556485476292945, 0.004704371564174581, 6.467686922209816, -3.9008532746423925, -22.053450558326297, -0.07470315795588661, -3.5109733342068075, -1054.9206059608064, -0.15988543554709297, -0.28720701243370206, 7.68490819362794, -9.301640025078473, 121.48201732013199, 110.2456813936242, 4.448432532752324, 9.391465065348184, 18.24508787451204, -4.870979018138442, -0.2982728898003889, 16.089754217700428, -179.79582081575705, 8.931370815906153, 8.004496934451979, 0.0006163253863054052, -0.20744239405010464, 0.00010117763572381477, -3.6038049245235015e-05, 0.004951188645645033, -0.004003849548011473, -6.98061743094669, 2.0508357553830496, -128.2316722841693, 0.04762895175522924, 0.02602223794716585, 0.5133271595008305, 1.0424784250758359, 1413.0199479624303, -34.650887389381076, 1.8921093470680717e-05, 8.156399076142407e-06, 0.00033447905540562317, -3.2587514395387984e-05, 1.1210975564800465, -0.1543989513226005, -5.565638048210531e-07, 5.5372661336150486e-05, -0.00010543978303800827, -0.32980534971541275, 0.02118733478060414, -0.002153841597581696, -0.0019235519257367883, 7.129581798009055, 0.5682860363997462, 0.004078104054976661, -5.6672952733886355, -3.496760702269422, -305.14218633887714, -279.7895288134921, -1438.9406123788722, 0.12901729931314013, 0.0018217973225906879, 41.04399046722493, -0.5749462236384588, -1006.3446350308261, 42.352836461308875, 98.4250490750105, 70.01593869753303, 0.045125278172219015, 0.08522605923639652, -0.0021729824509352427, 16.54368845941008, -0.02009820139258367, 80.28023574818799, 464.54978022532737, 14.923909493330145, 16.24850445458767, 0.026085105166142333, 0.01449518097480283, -0.31494299590398783, 299.4532900093176, -0.29758841183327445, 0.13503731710270203, -1.4944168080300226, 2.078442658723678, -174.65029158262263, -291.15961673728776, 3.7374204026263005, 25.028464173154095, 9.095904447317618, -2622.455633904927, 764.9350145883622, 0.3541328215883712, -1.2267584593506566, 0.012830292171277652, 0.02085728634730266, 1.177950345241463, -0.559009636603095, -1312.750991354502, 217.73888932875795, -0.003330930565573098, 0.025719879422235692, 0.1046440504832861, 172.783376504542, -172.51782595098013, 2.6386744946668514, -0.0959205437356781, 471.2002520017062, 786.0484508418597, -3.8759297316874166, 601.1468232665112, 822.9084024086591, -0.9451952907231806, 0.261527247214018, 1.7962336112078119, -0.0047208533790774635, -11.764659052087774, -0.025100532148741268, -7.928788660444449, -80.07006534921256, -14.502061383319623, -7.669863627789216, -0.01578367213035916, -0.0024716060947419186, 14.97551313336666, -26.79153781470686, 1.6235749546508838, 0.36090987345011516, 22.303446991858607, -75.67323291523009, -82.9730103077135, -144.13675034672377, -0.10206349682943093, -332.7509263613946, -26.441357714728866, 50.32072117626187, 3.0413070761558214, 0.3189451881350572, 0.052506807160404664, -0.06478110965468961, -0.07487832779978446, -2.8739342729949704, -0.6955775769018813, -412.78140954563673, 102.05603439136728, -0.009564369549686313, 0.0851988861778172, 1.3455239769940415, 154.2255649741182, 15.365939123095037, 103.38223284664839, -113.67511975841747, -9.551100722882023, -37.29786090810111, 55.598808847488094, -8.260625862484343, -77.0183601159217, 0.09699607682427427, -0.29000973797464885, -0.2519596452262453, -2.8928099027325516e-07, -0.011997413022035178, -3.841461982290184e-06, 2.406319902092946e-05, 0.0007028749762920672, -0.0003204637925353637, 0.8109366519092921, -0.04164199992563473, -9.432231500976053, 0.014546684143450839, 0.004458779213951658, 0.012941570234090913, -0.12967691776329507, -239.90120346052686, -17.955277911612516, -9.884650467029132e-07, 4.574960144054785e-07, -0.00011012598397996953, 1.4454362165849943e-05, -0.7309294049901562, 0.24532608119744248, 2.5689776350645843e-07, -4.44197775379962e-05, 5.6809501458587874e-06, 0.1549944889081232, 0.0026531123712270066, 0.00037238858666910346, 0.0005367241439788728, 3.1370077675576047, -1.666675477067949, -0.00032319579728756764, -2.6908830471370875, 1.7617672418749522, 1117.2406737875176, 3179.492951469374, -643.9329796446501, 788.9471289486041, -0.5663729864222949, 0.026621523914799446, 27.227852598507294, -30.46315570593168, 2.013813229001772, -36.464570079243735, 0.0013824959103452272, 0.001498393207654658, -0.016924263685348384, -0.007528995868470112, 50.22722421062442, -0.2973782667024645, 6.0155905330816495e-05, 0.014752833728323367, -0.019809262593231125, -20.123058677084128, 7.760518181802528, 0.04956058419741849, -0.007946668763694625, -875.7025779029457, 447.48176161194044, -0.23059560829271797, -292.94348135037956, -126.35379873381976, 4.179029567653473, 5.705864521598482, -4.195836066653732, -2.3337918264587643e-08, -6.747575298504671e-08, 7.74976800244076e-06, -3.5781349581043287e-06, 0.019433658484568017, -0.007118242735892899, -2.294802925462136e-08, 7.773605375405168e-06, -5.799420364382968e-06, -0.00349805834578909, -0.0020484130881115448, 0.00016914399248779688, -3.359328988850052e-05, 0.4917039906793794, -0.02044739918762528, -0.00014382604600626792, -0.47363015720198814, -0.1497817083660279, 1177.699593436174, -293.2789699668114, 7.980485478177362, 7.666244528081734e-09, 1.6252532617500037e-06, -3.80180210868275e-07, 0.0003773830634230535, 0.0005829983899729996, -3.9121680810438875e-06, 8.139609009027993e-05, 0.28529341243190487, -0.04340781053180276, -4.119005727432068e-05, -0.19493546117557747, 0.04865924543056277, 14.65637622996913, 4.245607406002033, 15.497051842702897, -0.0016826503307578733, 0.002067580769344879, -4.520056662545585, 0.7884829542820763, -0.00033859401318014903, 12.318601982546722, -2.1703696916895603, 665.2585564945874, 1601.2480845066016, -1432.6626980714632, -0.00021761937304010104, -4.528099375961768, 0.4005514852977199, -783.2127605169259, -265.660148208156, 1464.870622712563, -0.7819152165163878, -2.2856406090548234, -1.9234770689859324, -3.7703490943698084]
intercept : -133713.28693133622

remove_FI91601_value 470
Fill value
2022-08-20 09:26:14
linear_regression:
r2 = 0.07465096020556095
MSE = 384.7529398095098
RMSE = 19.615120183407235
slope : [0.10588980221768547, -0.23654272071734572, 0.03694045209561257, -24.55878959292673, 248.06350169408557, 0.00018579364666455357, 13.869134792621967, 0.007398975593967683, 0.0025208776918709264, -0.012710287250728196, -0.024101801181976575, -150.56942402510336, -31.74240372314228]
intercept : 225.94354181866174

2022-08-20 09:26:14
lasso:
r2 = 0.0739110641230466
MSE = 385.0605828508471
RMSE = 19.622960603610434
slope : [0.11076603710617165, -0.24184474499511086, 0.02017781729759093, 0.0, 0.0, 0.0002335789894208327, 0.0, 0.00919991401605538, 0.004267315143278116, 0.01785270565520804, -0.03335516454825156, -0.0, -0.0]
intercept : 135.49006131308693

2022-08-20 09:26:14
polynomial:
degree :1
r2 = 0.07465096020554807
MSE = 384.7529398095151
RMSE = 19.615120183407367
slope : [0.0, 0.10588980221769904, -0.23654272071741653, 0.036940452095438045, -24.558789592766264, 248.06350169408242, 0.00018579364666745576, 13.86913479261659, 0.007398975593977761, 0.0025208776918715925, -0.012710287250751646, -0.024101801181963187, -150.56942402510393, -31.74240372314211]
intercept : 225.94354181869534

2022-08-20 09:26:47
polynomial:
degree :2
r2 = -0.8380473196700209
MSE = 764.2457919544926
RMSE = 27.644995785033004
slope : [-116533612.81650156, -42.94468499355588, 19.139797108301103, 11.82472448159653, 39653.28926458345, -20481.57772364675, -8.818016626391262, -887.2371003158618, -2.3547341893915728, -0.5181467660776261, -16.37737772844955, 20.50955842376864, -21071.0122317825, 7115.379781421074, 0.0002321434062178859, 0.025822999298098146, 0.07104593205501926, 34.946581758529355, -1.7250204361804842, -0.0025788422616605158, 3.1884285432263746, 0.0007438225164907164, 0.0026370902522607573, 0.009934781368454028, 0.0063002340501524395, 7.356098363269138, 32.723671843385304, -0.018748349308448056, -0.04476558959916874, -8.11503504611913, 9.144832215863518, 0.012451418635617911, -0.5684656931614538, -0.0009133506182479323, -1.9897252059308812e-05, 0.01631099631322286, -0.011450468922703294, 1.536304014324223, -2.019165481934465, 0.013497950066039266, -40.26660541189475, 71.2826155030134, 0.012100953990511698, 0.7707102524186684, -0.0031808550220375764, -0.0013389724736043718, 0.04444181823151894, -0.03258953815793575, 43.99195396478599, -12.02999179818297, 14741.974470454657, 186598.2652241867, 8.95439469495739, 1550.6818231131242, -13.931842098583331, 0.7088773907814812, -1.3631763047422005, -7.390019632665304, -89078.82325492747, 22378.342079795777, 28865.093839086625, 46.077589878996505, 2686.161862269845, 6.898075267009759, -1.8493595392216093, -121.9867477169341, 75.53069317018935, 86056.11186925034, -61163.39200711922, 2.998569016199326e-06, -5.196320678863838, 0.0003773178486881079, 0.0002704253720366978, 0.009467884954574401, -0.004022468569019111, -10.799662966832898, 17.076141200343102, 36.469416873599116, 0.10796074288305135, 0.049143459326842276, 0.22505009299484158, 4.730972292703321, 1063.823534861084, 760.2454753655231, 1.6395279089920223e-05, 7.89475416240748e-06, 0.0013441581513689016, 0.001591793784427864, 5.533718162738978, -0.092398209784335, 8.767758572503226e-06, 0.0003271486921221367, -0.0003769473587453831, 0.39387529888540485, 0.6589594105596461, -0.0014018216734257294, 0.0031232141917882927, 8.321284071716562, 1.660507581153034, -0.006002798098961648, -7.398280385198461, -25.011743515427405, 27874.26824151004, -26483.519288578027, 6048.74231880789]
intercept : 116534076.89326245

2022-08-20 09:26:52
polynomial:
degree :3
r2 = -24.330943618409478
MSE = 10532.409508413215
RMSE = 102.62752802446921
slope : [4167.718127309831, -873.6257408890946, -362.50199387763035, -617.600025387598, -7.150409717037168, -10.968876547719034, 242.893775908907, 83.41036264035863, 37.562383245382925, -0.5184842439763848, -170.0361513736726, 651.216212870452, -15.392424859651385, -37.410684815241204, -2.685396565419782, 0.142905197551881, 1.6133017932217837, 2010.7095894974807, 79.84233534088054, 0.982651215977721, -766.7012945931672, 0.30950722810612896, 0.03650020951973096, -1.0033108369540173, 1.2686450802677207, 1929.3991014966316, 1676.2113600740279, 0.9244433263817696, 0.5021837319032794, -1234.1037269860176, -2674.766030619888, -1.1488801829852424, -14.76439376124796, -0.07546971473204245, -0.04449585370490361, 0.4009048183995607, -0.8279928511617634, 318.27385228892047, -164.9604952478456, -1.321529042126473, -45.99660907390901, 114.74938492178238, 4.078099764130453, 188.15333120950248, -1.150037559248537, 0.14391050864809224, -0.735960382640789, 2.6073626564206, 1083.6757254499973, -519.1422534483754, 2.9874881493275343, -0.31689808493163674, -2083.052258332213, -3.850191155069516, -5.2793814675102295, 135.51862062913605, 1230.9078080293784, 943.6006263932528, 3.779376107913515, -4.661900037377606, -0.31659263093632994, -556.1130507890374, 1.9104153381199294, 293.82503450258434, 300.00220655896715, 52.968756212487136, -298.33481929483514, -3.6537432870613995, 0.7841795246058441, 0.06843553701618904, 369.91814557083524, -0.2737504152922463, 0.10737770417162906, -0.26650515560288124, -0.7566897639239601, -936.4122263117162, 501.82953635574864, 36.36591282688218, -0.10802228055561189, 1.5522909051040945, 69.33761295700947, -237.51214162830402, 38.59898059812012, 59.61766681879212, 0.043936296174256206, 0.021125077622215827, -0.28363737558436397, -0.36058819179405943, -292.45018881485566, 151.0711638885608, 0.00012222392957994543, 0.03492827161372425, 0.07785845309261141, -13.285559656468113, 20.166223498310078, -0.1482485074384542, -1.2571705755083586, 9.406654252595999, 565.4157246197153, -1.008090835252108, -741.8150337847899, -1573.5895422612664, -16.707832283715508, -33.22173151505247, 28.58269415496682, -5.283744877715435e-05, -0.0001742627187582002, -0.006958350245358069, 4.140368110902611, -4.4820052336658405, -0.0011909143214410278, 0.40676456046986825, 8.63364362402308e-05, 7.787033439399238e-05, 0.00035116582709804334, 8.785375891307012e-05, 4.326134220373563, 0.952992972351936, -0.0004705577331094446, 0.0003692269103083845, -7.265273622058124, 9.001745254389679, -7.950754954322292e-05, 0.05091976638905171, 0.0001472079668758397, 1.5462415603906265e-05, 0.003533378030112999, -0.0017284192610418359, -0.15680528094294183, 0.7527939242433929, -0.004460688467586071, -4.779272844489153, 27.892478465493156, 0.0013354086595107617, -2.750729844573976, 0.0012047718901682103, -0.0004805803543916909, 0.004290874589572072, 0.004117939708472407, 12.049113320933829, -17.4192059962905, 8.58980646311085, 0.1853583839254487, -0.9515892057030517, -836.9398486707621, -1.834325505171068, 0.17390403063717885, 8.321882386719798, -8.90587488940536, 1394.311967936589, 2692.016529505049, -42.12186411797314, 28.88174111806489, -347.0767624742388, -0.46231765243389067, -0.39181318396191667, 10.225294411004619, -61.14214994370787, 113.58871769073019, 85.89343413238161, -0.0013578438567378726, -1.1930250362413062, 0.00014467089946634815, -1.248067019332666e-05, 0.0010947027282846022, -9.74700132161388e-06, -0.6139974255907408, -1.2664010431021546, 28.880971620098954, -0.1224005769232574, 0.0036058410267330032, 0.8113786213555039, 0.7721483876160382, 1360.1474706584092, 142.17401436111174, -5.152955878884313e-06, -1.0309715889889048e-05, 7.751463670047087e-06, -2.140541539397134e-05, -0.5670701840496575, -0.1918641336473415, -2.0005278997814457e-06, -3.860481524498027e-05, 3.0750078735763964e-05, -0.07015051732062716, 0.030132852769924057, 0.0013574715737689758, 0.002527481267328824, -4.126127091775491, 1.8762833356727122, -0.0010808648916178498, 0.9234424715429971, -2.892010494142645, 163.50318700005334, -4912.2270538901585, 637.9650619200105, -0.0002875740688637052, 0.0005556977968268484, 1.1683134943062705, 3.0888478228702687, -6.445737972171628e-05, 0.03774116427953089, -2.2722071832959045e-06, -6.077809837634618e-06, -0.0009020158349670737, 0.0003947208188321838, -0.8075358143170401, -0.08864507836096536, -0.001658955647325655, 1.553256272040252, 6.154045739988952, -0.0004853521189911447, -0.13014188719309944, 0.00023495351319979818, 9.174671419032165e-05, -0.002707406061294826, -0.004741040521807349, -3.8661911864616902, 2.5974683867428032, 1603.4970009367837, -174.8924117078506, 3.395540475236237, 21.25629716025968, -0.24382288274675934, -0.08787187768035487, -1.2272398640883506, -0.6348439013750237, 1486.399388864538, -492.1430881340013, -380.91485021880595, 2.7557274111944388, 1457.4545017875773, -2.418733315676803, -0.1922689954445933, 7.307972618252211, -6.884579844680287, -495.0692591036124, 1671.880001826131, -0.00022629420219288932, 0.20587348591828525, 8.277699365066837e-05, 1.1464590215837234e-05, 0.0013033369411772355, 2.3164947293707883e-07, 2.150356661219782, 0.0072071092157453, -9.176829118502356, -0.015755705439943757, -0.008677854410805708, -0.10104068908077579, 0.2572874087092587, -2.257041365133365, 16.64327888920141, -9.756760732670955e-08, 6.6637289961590795e-06, 0.00019212221130260332, -0.0004699219154247203, 0.13632848672749276, -0.0057896069351217605, -8.171434302539637e-07, 5.1859337943938044e-05, -2.1904459246435692e-05, 0.1156893194526809, -0.006391182736692258, -0.0004629121232824218, -0.00033321524647078604, 0.20729224504520027, 0.5847344009898106, 0.0020292480350292408, 0.9627010787170949, -0.22462056593136293, -468.9850703145905, 611.9703102877877, -80.58569853345153, 0.004168275042801373, 16.35784309702481, -43.034172993539535, 0.004459959188097384, 0.619557485850672, -0.00045499559516493093, -0.00026642146519861853, -6.641083088299027e-05, -0.0005988073312312991, 9.979623574623046, -4.906084691327454, -64.44544245135656, -2.9053470896002453, -0.9542460480960107, -2344.7580513794233, 0.6686420211785514, -0.27910656963150876, 5.759999084512605, -6.492449752099049, 164.02096800106165, 320.3994809485322, -37.164565692958135, 5.275814366451674, 2.5386484462270547, -9.274578158011142, 2.0328573085480306, 23.999968017858794, -152.3463773749907, 71.66545272115826, 98.42404991531527, -0.0015692959909144877, 0.04862839035568495, 7.747765772592174e-05, -0.00013176108350165805, -0.0015618380729887082, 0.0005790177888672643, -5.480806598611314, -1.118433269380553, -28.232656840383743, -0.09896969779619876, 0.004603443260074336, -0.5031727464824887, 2.590253705928024, -905.5522235578491, 611.1790873241365, 9.155023633411474e-05, 1.5669611002522288e-05, 0.0014354877210678296, -0.0010786967078644238, 1.7328122353470914, 0.04309121194722959, -1.035669583870913e-06, 6.306206012229865e-05, -6.571317892856143e-05, -0.33601664453710256, -0.01961782381971111, -0.0059190098600407914, -0.001109739470261606, 9.907841254185877, -6.952369980571422, 0.003685208198530132, -2.890775194371728, 3.9390069822497855, 1361.780002359064, 88.23700572022796, -352.4167258172477, 0.9546043422697684, -0.004521628390262763, 210.31364302991807, -0.035873268857550586, 235.93613023667808, -224.1691089953669, 436.9875087667704, 316.78411941859423, 1.7156680098646457, 0.7600424264546701, 0.0013557094347895083, -8.626897476239304, -0.07463048974338449, -37.91840004398583, -142.38287980197563, -19.794736288163556, 3.498788144563684, -0.15329068396790405, -0.1345703444387013, -0.8866605107566713, -270.278382437254, -1.2289698140750167, 0.15481464232383968, 1.020593086844779, 6.130745852723405, -1459.7576335615654, 584.1461165519061, -13.193215922023906, 15.52741146835288, -11.34103527442965, -754.3608219483164, 1909.9013750918841, -1.2535929056901693, 2.8094219610516786, 0.08407586625877933, 0.017172289338518, 0.857646820820874, -0.5145541102213315, 115.44140963683849, -2.005097757268584, 0.0021618567175494263, -0.3450219583456726, -0.12189223391725812, -204.65400361458242, 37.74518727309134, 4.124865305457468, -4.339447459441132, 424.4126805888994, 400.15049267151426, 1.0895879792158325, 264.07748861783017, -522.9012873599564, 3.3863058332119347, -1.6596527834576593, -1.594420195938903, 0.21345355973563152, 176.65623170614424, -0.17000480008196833, -166.3221342753462, 48.985065677438364, 146.33512929154523, 63.650289051523956, -0.1716396919408519, -0.19139323621165474, -4.953880502667163, 263.5622062551872, -2.9087067388000922, -0.10957734076074438, 16.07975671359032, -3.0425013796116707, -337.826001247426, -333.0530787560334, 0.010336604032992193, 241.28831727806633, -192.58727307815545, 256.9328880968049, 474.2948937616912, 1.0111374238163637, 0.8421036398752312, 0.11173595950982537, 0.09974873026266029, 2.5107737266818044, -2.1228619555442103, 716.5196102231226, 953.6391478744409, -0.023105641223310158, -0.14632583356840584, 0.41917614669541853, 120.76852352522697, -296.3802441748565, -19.083775184507576, -17.118362659465557, 85.85427241539253, 293.0476340308966, 32.85949272215381, -126.99338129455028, 71.084107244677, -1.0924880256124403, 0.9018299367022805, 2.208452228750188, 6.274539146033931e-07, -0.14550675918312161, -3.1814824303921796e-06, -3.507215751596959e-05, -0.00020825239054556022, -0.00046270404498738316, 0.9247091471824176, -0.3671874472756506, -17.518816774294734, 0.027851470765235864, -0.0319963146810327, 0.3581227550324608, 0.23553901320590562, -739.0483325704259, 31.7585227927085, -1.3991157345571992e-05, -7.0259718256693304e-06, 0.00035903082237354056, -2.8898957381784385e-05, 0.4473324753967477, 0.10097020272072993, -2.299144597373015e-06, -4.1483397239971964e-05, 0.00011923544616365689, -0.185191682130327, -0.001386755699174902, 0.00048748479897398056, 8.220297310845837e-05, 0.6488162185727608, -2.282667459256444, -0.00046772896407132336, -0.8015188747555193, 2.0221397370380245, 694.4682561400166, -404.4636142797401, -358.8688581087743, -316.81620403193574, -0.7799068450043517, 0.9998352176509608, 63.011859612666164, -48.17996479678602, 37.24079040503895, -43.750594455835405, -0.002484031752160047, 0.002098015700184419, 0.008130277207061248, -0.01725760204406701, 2.0245574171442797, 4.1161883293508295, 0.0002065062063820733, 0.023199884143377147, -0.008307963960101361, 5.5997471624880895, -5.230217633610833, -0.8426038003962714, -0.20697808338755586, 8.292815981974034, -52.82931743730336, 0.463843487782157, -11.77606829638479, 139.41606605228077, 17.219896242041976, 32.439877176956415, 10.739495075668088, -5.954698032439865e-07, -7.352888076184172e-07, -6.332397305186532e-06, 1.7252665628575414e-05, -0.07152410119414743, -0.01878690613637035, -7.696769444009988e-08, -2.66926787162447e-06, 3.169978185724176e-06, -0.04687638927701698, -0.0025514382147449055, -8.236892455215639e-06, 0.0004079755986339251, 0.2461137376128627, 0.019821093587025218, -9.62414998681993e-05, 1.079411721841246, 0.20770412990424236, 455.7804043380987, -278.03951208565985, -16.74458647264706, -4.535195330390707e-09, 1.3490712902353152e-06, 2.261793639490861e-06, 0.00072309409531357, -0.00023179528852779185, -6.601294899155619e-06, -1.1565657246137562e-05, -0.1666609521919673, 0.03517493527633064, -3.122443376923911e-05, -0.2173181855059827, 0.053695560484425364, 24.453302065047993, -61.0011832057163, 11.842026246802032, 2.085584790734174e-05, -0.0006966940305659364, 1.2386145240802608, -0.23213073000513906, -0.0004648410427670058, 4.5594454217892375, -1.7769389050419915, 299.4428429046058, -1154.7154625864187, -170.60068424722908, 0.00164394173356186, -0.7387629500083828, 0.08599897205488508, 144.19747353413328, 2189.600378338384, 389.8104796414972, -13.32838979110238, -24.75321386384331, 10.404638471309775, -1.2081184004954841]
intercept : 46448.9345388485

remove_FI91601_value 520
knn value
2022-08-20 09:29:22
linear_regression:
r2 = 0.07260003539875937
MSE = 377.27637666145534
RMSE = 19.42360359617791
slope : [0.0407150962642372, -0.334210438381181, 0.0843981306711847, -149.96673571799383, -164.17384031750467, 0.0002876444321616642, 13.62711460478685, 0.008823332833725661, 0.007426489455693963, -0.11315595450931817, 0.3017061040093224, 88.57616150204078, -19.700961001334562]
intercept : 118.62667629047834

2022-08-20 09:29:22
lasso:
r2 = 0.06828930727101512
MSE = 379.0300276759961
RMSE = 19.46869352771254
slope : [0.04110781940074654, -0.30841679685023987, 0.08668485969427588, -0.0, -0.0, 0.0003342173327283734, 0.0, 0.008125181933621845, 0.007048265206648135, -0.1312132614617591, 0.2984823977998643, 0.0, -0.0]
intercept : 144.22595079361486

2022-08-20 09:29:22
polynomial:
degree :1
r2 = 0.0726000353987798
MSE = 377.27637666144705
RMSE = 19.423603596177696
slope : [0.0, 0.040715096264276246, -0.33421043838107806, 0.08439813067137193, -149.96673571808648, -164.17384031716338, 0.0002876444321488021, 13.627114604765943, 0.00882333283373353, 0.00742648945569286, -0.11315595450919577, 0.30170610400936737, 88.5761615020402, -19.70096100133393]
intercept : 118.62667629041238

2022-08-20 09:29:29
polynomial:
degree :2
r2 = 0.0720647508228488
MSE = 377.49413623983656
RMSE = 19.429208327665762
slope : [-115.73460841419548, -3.45846197302832, 37.8165989110564, -20.269093384150718, 48156.05078979855, -434605.3864740011, -9.505011093559311, 1952.6622766885378, 0.5745037000140533, -0.5789626138456925, -2.6158301025610737, -0.4022964797554444, -133363.4549122439, 28444.18779636981, -0.0002563345948356269, 0.010640934533816903, 0.031644813394603996, 50.02157221037391, -84.2631896922664, 0.0015378841358519996, 0.6945619162065436, 8.291055380720003e-05, -8.061942965948213e-05, -0.008060935625467888, -0.0005432023521687434, -1.887258809565082, -2.0643772105082303, -0.024945996043154145, 0.02099662311351895, -49.523116232220644, -189.75768036700148, 0.008976429101645672, 0.7976072846355996, -0.0010114667784364428, -0.00028254207427380607, -0.014786129264393821, 0.016868185921339318, -20.76371723657803, 0.5230544773676229, -0.012188051895918761, -73.05781184286927, -423.80192858675525, 0.027551636230782606, -0.2956992995787573, 0.0025437504809815437, -0.00015057236305437982, -0.06017020679428242, 0.03194454070762731, 33.38049618692227, -19.346832616413607, -40856.23651350565, -1069021.1789473933, -10.067666825150013, 4961.600972509555, 3.1039789360044097, -2.2295593814415042, 42.20261460232436, -7.454266986782159, 6394.855222827694, -47171.88449203677, -551216.2653110891, 344.02123948931563, -41251.6633004584, 52.13960224278546, -11.348031357146631, 347.645692660526, 307.5768343732399, 1434435.0004253339, -496042.41264122125, -3.533231847541174e-06, -0.4274080168333967, -0.0008103453437797725, 0.00016041810249589616, -0.007654769073269563, 0.010191198874963447, 8.148120165880414, -1.0815461469813954, -238.56599085599663, -0.09104291173571255, 0.009568210996803828, -4.8555215812575625, 2.5201784149980995, -5898.715355221027, 1936.5638586942132, -1.8269551219418645e-05, 1.1593121598707512e-05, 0.0013989607086841715, 0.0006569186298293062, 0.14842970872371097, -0.830838322312502, 7.012742571532726e-06, -0.0001070224680006504, 6.10568567935843e-05, 1.559655108336301, -0.22392513082013465, 0.009425531854503788, -0.021895601668802556, 35.56177807524051, -15.003348185446612, 0.005387901401263662, -24.579019734056033, 8.146251313066614, 161653.01456561778, -60263.62599894713, 3710.1672861839365]
intercept : 18899.311086687285

2022-08-20 09:29:34
polynomial:
degree :3
r2 = -28.36244030199348
MSE = 11944.959575060535
RMSE = 109.29299874676573
slope : [1406.327147619881, -2180.925735188577, 2397.8179509790193, 1384.4688463003374, -33.47774555734272, -34.9379570576217, -783.339895569456, 1.8969028848618523, 102.50247455857402, -22.274549510277872, -992.8304178585186, 257.66983153309997, -9.564836745561125, -5.667354441938192, 0.5121136895796128, 1.6178208422759235, 7.070372282205845, 11028.675638082792, -606.0283269493289, -0.43401777366413297, 135.67106828278332, 0.2395346720100885, 0.09814856541766966, -0.8524732661266553, 4.065332987221706, 4025.4189922840583, 1726.077775056464, -4.749412515432748, -6.34344984729597, -2559.840182589656, -10017.123780024767, 1.1582814670784172, -95.40742434872693, -0.13738599129806062, 0.09990954950743713, 2.3826435761464038, -0.18597047808722955, -15.018503013769825, -306.7087932696345, 5.492954037895552, 4340.704675611189, -717.540368713616, -3.406527229892195, 2176.79898298363, -1.0884543445552546, -0.09326828872217008, -10.970224623247265, 12.381224977019093, -841.1466125020331, 4249.701719309201, -1.5565724955625453, -0.8801301609306769, -1249.847938773037, -5.81945927605326, 2542.6652371500027, 38.94502220566746, 149.38311737859067, 3270.6386278685986, 1.6917713187335708, -0.1438759450598469, 0.5169497320015158, -144.97967012725263, -6.9870269972853665, 4270.897937617962, 810.8477800985357, -235.1506173537378, -1014.1465567025589, -16.72664090316524, -14.512212699209071, 0.30121573914931266, 1003.3424129884856, 0.18427277838153522, -0.08382769236335719, -1.1874725879021684, -0.49824495885057385, 2725.631877653325, 10.230633700705717, -24.26705587822412, 5.354561685137442, 12.35233234242628, -2297.5514384915978, 1166.4258550436466, 23.5546200440966, 76.24030135962762, 0.0020803774778599404, -0.001105860110158119, -0.3844152293655947, 0.7799704911308929, -490.9917961218126, 183.98686918898534, -0.0008452435180288376, -0.0832502596272704, 0.1255134950888639, -27.60911558900165, 29.15069108124312, 10.214602569874028, -10.328149820524533, 812.8546642372282, 1268.4559269214892, 3.4302857140939724, -851.732092836268, -2461.7349389533433, -15.184406047611361, -7.507648566579968, 12.280685749642835, 9.61762088991236e-06, -0.00046096630853753595, -0.0004763667062093191, -3.6019907534773754, -4.942477346624527, 4.559160515782423e-08, -0.12172612082276524, -1.2470255114749307e-05, 4.183922868605805e-06, -0.0005336031457687795, 6.991863982364066e-05, -0.43466800194182237, -0.032886087312155254, -0.00112066243215736, -0.003416239934651344, -6.5862755353669336, -8.34403768011154, 0.0017807376518703677, -0.3393885950048461, -7.874116640516071e-05, 2.518516043892305e-05, 0.0006341032164840499, -0.0044864855175035245, -0.2913052293141243, -0.01680306959906752, 0.0030901418758058075, 3.7327131358133134, 51.74383812708864, 0.0015661592676643465, -0.6656060746912913, 0.0001967190105247596, -0.00015343176960413984, -0.006705396458697166, -0.0029236744031742035, -4.7221702879117045, -4.694873804584688, -680.495604948644, -24.174548062158163, -9.152850907683824, -879.4462790661462, 0.3591419520621463, -0.5837422151098739, 15.148079791541994, -10.311558719989439, 2725.5027528786536, -16811.80271718533, 54.25046930872231, -59.41756941255256, 444.7544103402785, -1.560281306141431, 1.6360911653395704, -20.98640939286664, 43.61764373151115, -405.7494384044169, -529.1295403768371, 0.0001212276391981959, 0.026431154660264466, -0.00012606601177367338, 1.5800734217918944e-05, -0.001759923157578669, 0.0020619025277426317, -2.3069118911837827, 1.5617315850964972, 5.3468678961668825, -0.015621942633806007, -0.011313279656082642, 0.3479292852039115, -0.7938749605197624, 597.6159089393974, -406.15412299446984, -1.2222460554767167e-05, -4.5406154640659224e-06, 0.00042866731234880717, -0.0002277645891428648, -0.2645431619832328, -0.13966693947195286, -1.2472550565689744e-06, -6.029921144090622e-05, 1.1814236586360494e-05, -0.23219906700295034, 0.0637787009429367, 0.0019977627293588096, -0.0015371653184015344, 2.2617749740795325, -1.5697775166057417, -0.00047069259174614686, -2.52223947800283, -0.47030459581000034, -821.4931869029757, -5092.660578868358, 1084.3749528866551, 0.002517308060077994, 0.005368240322496831, 2.3731823693520955, 21.616066726971695, 0.0018203556218452377, 0.23060018095531376, 0.000123074818020541, -3.9831367757869884e-05, 0.000769616352954472, -0.002166737235029359, 1.487671875697263, -0.0255429334734103, -0.006511457973024548, -10.725721340791132, 73.58547252549876, 0.007385495702806111, -1.8294054239515762, -0.000267266313841219, 9.258177442461601e-07, 0.0009903989474437935, -0.0060693267130602635, 2.1155472676297187, -0.6159773259507847, 411.61733245291026, -538.4248897404498, 2.080160249694099, -78.8421570025685, -0.6764820897045061, 0.012676707387811348, -1.153969251901831, -7.8800860701824424, 1153.4926867053557, 1177.7014466115213, 203.32666801576332, -11.907729129945006, -2706.700383053908, -4.930543286793715, -1.3577101562271312, -27.54083929552001, 2.416592501086354, -4248.42980812764, -3857.351750129122, -0.00036452397466746334, 0.23777052538609844, 4.63860491208834e-05, 2.658706853253534e-05, -0.004118371593413883, -0.0006275868931879813, -7.073937842643283, 1.160261195129011, -1.0726356009270264, -0.013402137778228962, -0.005624737570371963, -0.8726630534973161, 0.11347323698300471, -140.90792821274187, 34.07982578094676, -8.747844731260557e-06, -5.7513356068739085e-06, 0.000246907527696294, 2.235833210306737e-05, 0.08935170677612092, -0.05835371632571906, -4.457647264644038e-07, -9.993735966418171e-05, 8.032961522985715e-05, -0.10068923682365494, -0.010163759517446636, 0.001414058755443648, 0.005390868489882905, -6.688084066654614, 0.043367989871516244, -0.0015749317061590773, 3.597820731792089, 1.455539324322023, -1084.7001049924456, 902.6219400546396, -292.6564609223512, 0.0018674210675744263, 32.99328036962321, 212.55869342828754, 0.0011943071678275352, -1.2044589362142895, 0.00023532486918309559, 9.626592720479721e-05, -0.005286727485595222, 0.006557099449172377, -6.270960149956653, 0.7753148419451188, 649.0707931543404, -9.445800180995075, 5.695448485013142, 626.3820027397161, -2.228612637749759, -0.17558233249299326, 25.27241335506119, -35.50333148581179, 2741.965532959368, 3741.1562906237186, -6.328019315101808, 185.6368518735098, 143.03368939698703, 4.370735574082824, -9.771526316314223, 179.25015361668073, -292.74583538837976, -240.8631009594393, 94.65293440342943, -9.770529884889356e-05, -0.10763518907872749, 0.00016091533444750894, 1.0866186585190007e-05, -0.0011632558880165789, -0.00023100169240208857, -1.424132356633021, -0.13366253431111713, -76.9126216131615, -0.016629599252666605, -0.060622753818192265, -1.2474602640349834, 0.3866898888303734, -1222.5992906186325, -542.4927694448775, 3.63726931027486e-05, 3.50505911228538e-05, 0.0012446292303920359, -0.0013995239614672528, 2.086346052904206, 0.16631549678388535, 2.512044659397361e-06, -0.0001439577240489598, 2.4905121108531603e-05, 0.3027639132050681, -0.20392819561594555, 0.0156296695522542, -0.026108505641943225, 27.42174036745525, -7.990878040553579, 0.01905414221285895, -24.24507258279368, 6.326291145238105, -1883.3308160104082, -515.5120477515643, -3708.1592114547375, -0.5044472237549495, -0.029531424500079, 420.12617799642476, -2.6335157195730914, -3723.647554992126, 163.7419037555738, 219.8303844583514, 429.38809792908904, -0.6436131078669323, -0.7993001446891199, 0.0018503587914544606, -61.156051098223934, -0.26145371063894857, -63.001889437756574, -136.29946485500855, -46.257476815262265, -79.50126259529456, -0.42044068789700517, -0.31738624309230423, 1.1119876836554607, -97.85876013792821, -0.09453567429266913, 0.09984510964434357, -4.45146010690892, 2.4046899320386133, -435.50857704763973, 10.938759776219424, -26.199714933945906, -3.9955955981031432, -13.058228807962541, 1675.5946201038716, -299.4019159056685, -2.2518857300326274, -11.129024086868387, -0.03951269934116919, 0.021220433414924855, -0.7012335704488857, -1.4033418019162016, -5002.005166914056, 1234.7354768939433, -0.0032916210934672563, -0.04839391464178888, -0.18145649688937127, 178.69863585569436, -268.6475017490928, -15.034481485924543, 22.3405314880237, 475.54480852338764, 1863.6395041452863, -4.7930191476922115, 2312.529862813879, 1774.8992381100643, 3.764985042816065, 2.091390341165048, 6.090932645923548, 0.008946345994827583, -42.11757710078246, 0.2584577881033965, 82.93669895449214, 299.18485092153713, 2.1202026516348087, -13.900923804504197, 0.2608209452011055, 0.21838813579037758, -3.30861369265634, -100.82847853749023, 8.69750902829919, 0.7458201498793678, 92.12974563356032, -87.65368048947742, 121.74121664475736, 493.4502443572204, -2.225219437020192, -2557.1219960729863, 420.5646493714071, 178.848626578173, -506.6419454449399, -3.539212682916908, -2.6516088003410623, -0.9843761910933735, -0.04469432191888956, -4.601538571350265, -11.741514313361902, 2834.0471863436337, -3080.922678203479, -0.036239647059646884, 2.0025685628645897, -4.075877608596104, 536.4365253677223, 539.7382418770587, -58.223687270973784, 145.37932948270313, 43.20581407658419, 122.68861827706303, 109.72210773837263, -274.27285780461887, -56.23881726217506, -7.8962196891261796, -7.016912755482218, -7.455022495192501, 2.740898707997985e-07, -0.15232328341433954, -5.058744534380821e-06, 2.1668120098183863e-06, 6.934678523862203e-06, -0.00010836474345410352, 0.027939180424955024, -0.31110138964616074, -4.670317661619934, -0.03392642172080329, -0.02027907612212232, 0.3077412572696052, 0.7746718472589602, -2478.550611635773, 319.91862898336746, -1.9033670014323434e-05, -2.866226509468106e-06, -0.00030353411915484685, 0.00015894262412530225, -0.3440230928898831, -0.01429367073080634, 2.0036060274231104e-06, 6.717057851801655e-05, -1.033505350278574e-05, 0.040332470483746885, 0.08249981390848404, 0.0007834245782163407, 0.0021023678608429464, 5.957140305185336, 0.13180200052905622, -0.0025991110664165262, 3.6427775662504147, -2.036638002030707, 1754.6298976795213, -3228.811118529812, 984.8094422073951, -448.886061327882, 7.136547007401828, -2.5066563436544547, 164.30462101530898, -30.07506996796683, -6.93030924894215, 60.97005493872183, -0.0024404139890776833, -0.0005375934971425522, -0.01350072388542145, 0.03338720750086033, -4.66095181518409, 26.477489610516116, -0.0005643997501465492, 0.043059502848635134, -0.020024905742317856, -7.0866555805803735, -0.5869197884294824, 0.642330173824192, -1.8771240642558675, 5768.178243203339, -637.1070309388109, 0.4956741117844303, -2398.9168447660936, 179.38348251404722, 21.218715618340052, 59.187985186027554, 54.91969920936613, 3.150450993416598e-07, 1.8769969756249338e-07, -3.21196466757101e-06, 1.1475088570023217e-05, 0.012846984204053058, -0.012508065501251053, 2.112938091158867e-08, 3.854178430628963e-06, -5.0808366722776555e-06, 0.016203520629375134, -0.01181587390635741, 0.00019606124712368, -0.00014582189237444254, 0.44521559460053317, -0.004992027106403896, -7.70588043224052e-05, -1.8078391549522612, 0.416505747406001, 585.4894486063339, -223.23372496891832, -28.123711328253396, 2.281421984662302e-08, -2.8828450808759953e-06, 3.437008899709326e-07, 0.001407796867624711, 0.0007459407011083385, -0.0001252649544767337, 2.7349530341780337e-05, 0.541077667800689, -0.2579816848203187, -6.735485987974243e-05, -0.39026883956257663, 0.08961567850530372, 101.44439826163132, -127.97140206490366, 68.18060173278369, 0.00030334628079486947, -0.006120449701562336, -23.94402335760315, 4.465181010330966, 0.006258114808411985, 17.555519099452606, -3.9422725664207006, 755.4982352902107, 1928.9024284092973, -1834.9072292024111, 0.00023512224599642195, -6.284255772222599, 0.9005359469932697, -56.23732652013161, 3485.884821306204, -608.8593461508266, -15.09314166911881, -8.531376296259099, 13.596156030375337, -7.9659729468820295]
intercept : -374228.4467329012

remove_FI91601_value 470
knn value
2022-08-20 09:32:57
linear_regression:
r2 = 0.08631344753292591
MSE = 379.903768208606
RMSE = 19.491120239960708
slope : [0.1135425886858914, -0.211869201606992, 0.23321071944537064, 316.0644733512574, 191.07376519706926, 0.00025547702785256167, 6.43441389869673, 0.014554894049437942, 0.0030943062203209193, 0.020136405430823325, -0.00045288780366234947, -37.70575072717117, -48.76716622928686]
intercept : 150.98808478436578

2022-08-20 09:32:57
lasso:
r2 = 0.08326954431612321
MSE = 381.16939951181735
RMSE = 19.523560113663116
slope : [0.11303537489631402, -0.2185660526828828, 0.22142602293660968, 0.0, 0.0, 0.00030131594362135724, 0.0, 0.01405878268275198, 0.005033854528893676, 0.03999891729342245, -0.0038857937215061285, -0.0, -0.0]
intercept : 112.0896544732699

2022-08-20 09:32:57
polynomial:
degree :1
r2 = 0.08631344753292325
MSE = 379.90376820860706
RMSE = 19.491120239960736
slope : [0.0, 0.11354258868587819, -0.21186920160693423, 0.23321071944511368, 316.06447335046903, 191.07376519664516, 0.00025547702784613907, 6.4344138987109964, 0.014554894049422208, 0.0030943062203263316, 0.020136405430801856, -0.0004528878037119398, -37.705750727173154, -48.76716622928615]
intercept : 150.98808478432704

2022-08-20 09:33:03
polynomial:
degree :2
r2 = -0.8431830694497888
MSE = 766.3811968027331
RMSE = 27.6835907498058
slope : [-258033713.85746884, -20.785059303963845, 7.84669230351879, -47.10713123142017, -3473.933308682406, 182735.54240230657, -27.612543296347276, -2002.4181499647586, 5.0925553335484475, -1.0578589880919576, -3.074233005691058, 28.27245471436522, -16713.495564990553, 10562.930120480394, -0.004400138954193719, 0.0011708837324810968, -0.09161110772978952, 36.71587652291082, 2.1048859732938423, 0.0024158622449415215, 10.914893213111792, -0.0014371276395956896, 0.0009683191104392311, -0.015405871060862183, 0.013807834882038376, 2.477359177734359, 46.081782296479346, -0.014716769251734499, -0.050884828487155295, -25.692682467833954, -52.49261163519397, 0.0184509117936488, 1.707489052013482, 0.0003025838013854809, 0.0002706458471948281, 0.04542770287116582, -0.03604465522948885, 8.922066140798393, 2.628437154885887, -0.027545324297989282, -45.56100391930698, 134.3869959492673, 0.052881351213272865, 4.266237789632193, 0.0011308387183817104, -0.0005965496811768389, 0.08172862950959825, -0.09341352424462457, 189.36340604616558, -42.40092113320581, -53827.969445968556, -326385.81383356923, 16.324761183262595, 2661.941600387662, -14.179958014922136, 1.0821042606921765, -51.46358645067292, 83.00099514539026, 25823.70070452263, -1075.6288796119588, 124724.5275580925, 53.85858970615866, -5915.343556835542, -7.358678133093633, -0.7902008385653971, -109.951108379045, 75.03947026791468, -350444.2772783123, 59289.54726347365, 6.684458639938384e-07, 0.33996534353286734, -0.0008213002656702884, 0.001327054138528183, 0.00353013721996831, -0.0002683413331396878, -7.897840448148116, 43.33244136357803, 155.08025361769307, 0.20094512688956456, 0.1548615929459629, -7.851347641611824, 1.0092135772189295, -1052.6769015069474, 3175.6102403836153, 4.280380380805582e-06, -4.5924951223241806e-05, 0.0010567096760496497, 0.00022798239660914987, -9.628032291816567, -1.0404536564205955, 9.038772759595304e-06, 0.00045466739538824186, -0.0008564518648199737, 1.8483754447743195, -0.3226666304144601, -0.010754468064988032, 0.031157697831076803, -42.47306366111411, -12.00615680636929, -0.027887574688065797, 7.744808399155431, -18.68497386669469, 18733.858900494284, -31460.95952567694, 6984.724376227664]
intercept : 258035801.2466052

2022-08-20 09:33:09
polynomial:
degree :3
r2 = -3.482663095967782
MSE = 1863.856480288064
RMSE = 43.172404152283015
slope : [-11457.64834530833, -877.881716211127, -505.5269421038388, -22.73327251146774, 3.3978585444162457, -19.575451733665634, 2827.739494080838, -327.48181118158766, 262.946256217444, 27.111926833137964, -2185.1660757987815, -187.376896699464, 93.58982384530198, 22.64274615797792, -2.9790256376904596, 0.27081627415159487, 3.942572303726953, 412.89926687313215, -5529.8753322981975, -1.000459553827255, -947.67133289829, -0.36925946674825166, 0.13723110476076775, -1.9991602791335208, 6.470765329922891, 868.349099150219, 1279.551047156259, 0.6477741763347545, 1.3877625421770925, -119.9445399820145, -2487.9253894355675, -1.0584159344817394, 121.08965116958005, -0.24203362240115567, 0.03263748154954982, -1.178067695535645, -1.0727419242673237, 1307.1003774963226, -476.6316707395682, 7.2165894454883155, 5950.841591178532, 324.94854818467445, -2.2222283616407013, 887.8793834265732, -1.615027430832951, -0.2743699925629577, 5.310492569143083, 1.7418744122598686, 149.30576137506776, 476.7489714828246, -0.6656505276181338, -0.6223200568360093, -1533.1716264945594, -20.678534044288, -3.028920466165143, -33.158512456397254, 111.83086345989325, 3005.0117792911074, -5.646129380922428, -21.41246932754787, -5.080630967914583, 3758.08610100558, -0.1720926734010087, -1544.1952819792814, 506.6678712109448, -5305.510821905085, -6138.807341312711, -10.231745386811923, -2.1951031237532583, 0.944234721906765, -246.29528045099013, 0.09789416946258767, 0.11188094357324019, -5.319914819733755, -1.5220644085384611, -11499.244386056218, 1246.778670812067, -180.81003488119205, -62.97417467589786, -11.028394805093598, -65.36655314969885, 447.82902901946625, -168.95575566252023, -225.44313456193785, 0.012139989996054368, 0.00442069771804654, 0.23990651813498998, 0.2210399142813353, -996.8827615879727, 114.97254078308849, -0.0022585281440399285, 0.1924408850744328, -0.10511433265844872, -160.53869172256742, 46.174801166385336, 0.9204145881898996, 2.1212742100959865, 7932.850213363058, 610.0745292347002, -2.5283666977363373, 3856.616091186612, -1233.3270652892897, 61.336369589673794, 44.89341744978194, 185.2957477487583, 3.954142631101831e-06, -0.0004778449488185288, -0.0003818945308093902, 11.8320509510254, -5.2052118560827765, 0.0018492753542300733, 0.053036872332877516, -3.84595405691357e-05, 2.365535215176351e-05, 0.0012718525400501335, -0.0021894519811169744, 7.130463664052353, -1.1787412231083452, 0.0006543819568349818, 0.005136060969931577, 1.7462330861600512, 21.574805679279926, 0.00011761194278392395, 0.2875890610389913, -4.7681593969173264e-05, -4.081436003389172e-05, -0.0027334367742710697, 0.0009666525004234927, -2.2105714087713304, 1.1537860478016633, -0.000934095255566092, -2.4534050930013143, 31.673095665186167, 0.0005390360522246063, -1.1126964678526816, -2.425501180169931e-05, -0.0003794163212660351, 0.007749742665328796, -0.003737155792106428, -8.164302826820906, -3.6923089856084763, -204.0234294365348, -191.63217536329768, -5.5575479459443375, 667.5190295548632, -3.195029177457398, -0.44148104039373415, -5.563361366654355, 23.81555322043667, 324.61402187358743, -1215.4807135744472, -565.2482948408558, -12.256860088102078, -1085.0043747534496, -8.368274627364922, -0.009980407121153556, 55.46216010202619, -68.75639763674238, -2901.49877081895, -3134.455508838371, -0.0002608227264815355, 1.403870883628632, 7.468310955260904e-05, 0.00011926350691737753, -0.0005319014376325981, 0.0026235733001840345, -2.37614557758529, 3.655702861034555, 26.83560740202585, -0.04503516663294893, -0.009076683533601582, -0.08789426081260324, -0.146150834266899, 1345.4634609488542, 417.3886025315697, 6.179148385854205e-06, 1.431761120329611e-06, 0.0006401775255433506, -0.00032706622540690233, 0.731970470745511, 0.08746071278953749, -1.9783794868999394e-06, -0.00017190856053872494, -1.0698719563606574e-05, -0.19520585370811183, 0.03659144379768131, 0.010287847790745985, -0.016868415787019586, 12.88039043263186, -6.992590725962344, 0.004043150172734045, -15.044296926328686, 2.5963828893882894, 3044.0370517928295, -5402.331099314626, 1087.6433457663459, -0.00016926663398919573, -0.002616582954289015, 0.09995063030342921, 1.8753555426523547, -0.00039966433632798726, 0.007331194917460593, 7.740684549162324e-05, -8.401415755088237e-06, 0.0005014614773131143, -0.0005404410416645078, -0.784809962981663, 0.12921710029515765, -0.006211799211520486, -6.787253074728358, -5.092042182097581, -0.0028746076046664015, 1.1341322026469776, 0.00023422894424740548, 0.00016808039174520673, -0.003986478756853984, 0.00515050144941398, 2.8585837001878773, -2.3618503992492705, -1809.1372788147685, -315.15694934163344, 1.2146566227426328, 386.60043262016876, 0.999683263900053, 0.13138402709776287, 1.7231571445883194, -5.761096146351161, -1298.8786735686003, 89.81155012073265, -3096.337637691845, -3.0964716723447347, 287.89698229527914, 1.6258090199112474, -0.5857690282017813, 23.26388076109446, 2.1290704478176337, -5.066451346854657, 2758.726068739416, -6.0117200121112546e-05, 0.12873677838112507, -0.00010503060649824647, 5.464943285460322e-06, 0.004797445362271446, -0.0016478814946161435, 2.6985394158992526, -0.16973605470466552, -27.93608590281572, 0.0018307206164989154, -0.007957605380852328, 0.3039229655445327, -0.10142160381125204, -289.30461108756265, 49.217349734017375, -7.319523547266726e-06, -1.6455139757454162e-06, -0.00033012697326739726, 0.0006750583528400966, 0.2421964299891961, 0.07778767644980533, -1.1374272759212545e-06, -0.00011821824057278718, 0.00018445840964886884, -0.051698729595045734, 0.018088686570251866, 0.0010376631497805988, 0.0009784499999057061, 0.9445026811463493, 1.1664716305712912, -0.00484276296316466, 4.594295351275411, -2.574242203494986, -1240.4606458270532, 913.4661827324162, -85.82432588841924, -0.0025833734734619362, 0.9137900521534169, -38.48063232690468, -0.006838126447881621, -0.3026933015987478, 0.0004916562786174694, -0.00011882000023888395, -0.026065368071720663, 0.03202500433143918, 1.590070705337132, -12.617925319332354, 636.9787346159645, 77.01784921699584, 0.3094161148818938, -6.421052394196792, -2.629969493167131, -0.44380967147797806, -6.8136098536505125, -16.677471188761956, 2798.631964392548, 1302.654078050283, -62.583504795014704, -30.931562446386874, 320.4370865409472, 13.748337745757224, 0.7995251267155208, -2.9722173149794195, -35.807315801250034, 150.9078471627981, 434.02433854655703, -0.00030407584289271483, -0.6991645407770585, -8.396999641924197e-05, -2.3089830364142472e-05, 0.003787555660915487, 0.004834774974436407, 4.99742069802534, 3.0010685530440884, -185.31397720468507, 0.16009406421579186, -0.04272450117464777, 0.3917809292096371, -3.155908531485245, -2980.3090806290243, 1073.18583869622, 3.660178761677457e-05, 8.17470975107426e-05, -0.0022675759773775894, 0.0025179548154401488, 1.6030698862494137, 0.8176157892990471, 1.6492072774099142e-05, -5.2169021756753864e-05, -4.6406597277837136e-05, -0.11710871916175669, 0.26573429491860034, -0.0038636556376343556, 0.02466556138971887, -10.189568648204904, 4.374158142432938, -0.03145595138066781, 1.1457662019750738, -8.51975418402079, -572.433714866546, -537.0870380620055, 41.18947252427061, -0.4433055831927711, 0.01755670699473839, -2734.516548988908, -0.4764068413131958, 589.0782014283087, 249.7107563333888, -507.6108632407356, -439.6257671479203, -0.26579145526460124, -0.9293045621031512, -0.030314612737398623, 263.39358263327676, 0.08547909587024845, -748.3159143392049, -212.30970240043445, -623.9554355664314, -715.7410211381144, -0.4506668887671365, -0.48878225230962347, 2.5352082167841834, 846.2085525064841, 1.6211724714394513, 0.15567805810659618, 1.7892635127329064, -9.363946345058245, 617.6193865044337, -725.3686535275635, -20.385722113652903, -177.25779132529016, 10.165493421738887, -1189.5628956192427, -2411.3536347174604, -13.180573402869861, -14.435442450004812, -0.062423571510684006, 0.010474609057375517, -1.4245098276477364, 0.9988376662784204, -1350.9123569745036, 351.31073021627975, -0.010530489978492596, -0.25653239233792324, -0.2805265815370619, 203.76105535804155, -18.937382937883246, 19.855075266823157, -27.205756913345446, 418.6631432865218, -1054.51990437596, 18.735217479560895, 1510.098304192906, 289.20758173830103, -4.763400933858957, -12.879839664086548, -3.2071838682470504, -0.10385790291512813, 67.248915872399, 0.9331709576741597, -2271.265940960845, 478.7494960363468, -1561.407955203806, -1861.132167237666, -2.5983325346455044, -1.2196235069694012, -1.6393641578934965, 409.86837943085493, 0.4560968967840172, -0.36398333442401953, -17.702686435457842, 6.843878716776708, 2576.137997557792, -161.45898585758766, -7.570775324492199, 213.0620156555645, -106.36135907081218, 1211.8071471385538, 2275.9803981358787, -0.2847183926029048, 0.9887303600663528, -0.39035426273960105, 0.0304962425491917, -4.553538384625105, 4.644264742163497, 797.233480514786, 1064.1870644652054, -0.015688368966948474, -1.1851118616853706, 1.517914408113253, 31.865805722467773, -255.99811930355725, 37.86686665616172, -44.97258996939256, -2971.798562314325, -2212.182125195677, 17.49145166533992, -3119.8245621786764, -1833.1892952979401, -5.22436791569144, -0.7647216037537397, -0.13157672280094082, 1.928813617269043e-06, -0.33917616664698125, -1.4246073590129527e-05, -4.103838796254422e-05, -0.0003522401901250305, -7.279041686558685e-05, -1.399285026905965, 0.04308212632806131, -45.76122978469189, -0.0410329400227194, -0.029923086791826314, 4.107555954581766, -2.026560111053904, 508.9303875110951, -121.06628297529618, 5.018880415263993e-06, -7.058934670567396e-06, 0.00024550213788643305, -0.00020508568292143536, 0.004026719650805255, -0.062653879242206, 4.226644705340732e-07, -4.445202512215474e-05, 0.00022398988403438125, -0.29454030183742574, 0.048556964891490306, -0.0018453158083815424, 0.011145670004026442, 4.374134427634238, -0.6169386116257648, -0.006495436356409812, 2.4977203180598515, 1.740653329966322, 12410.008320085595, -2960.2799093262497, -182.33800003239813, 2378.3242258491414, 4.263778307526802, 2.6940326924573275, -21.809317815449074, 59.73428150272867, -94.98755009799767, -226.49220548073026, 0.001631358172661912, 0.004797440606310488, -0.20602748089343603, 0.1559301853834547, 82.65019737957866, 14.440459660074515, -3.157874311909836e-05, -0.011554794618208852, 0.018475764596909805, 43.04532832266499, -15.659713577878604, -0.24095655287035278, -0.14556203355406555, -338.3952182682098, 97.95860933839715, -0.28649725086519273, -1060.3354264368807, 441.65808483280244, -96.15971930969931, -113.29278163521224, -297.82241899853915, -7.432560096276575e-07, -3.3661558518360835e-07, 5.881917388705915e-07, -5.141898327565286e-06, -0.006848226447454309, -0.006627920621403938, 1.2440210639397264e-07, -1.0375427564213169e-05, -1.4965479749662336e-05, 0.0010438905377014862, -0.010556907890759248, 0.00016759735613192106, -0.000571898503835655, 0.1495246571336566, -0.12325238166427621, 0.00029599081042874786, -1.0494612322165011, -0.08599691969798429, 1009.4815593501158, -191.66174809952017, -1.382864806183773, 5.4351744438463356e-08, 6.1555700625604e-07, -2.0088356222913717e-06, 0.005250637192965257, -0.0011676204503601184, -9.609740595806215e-05, 7.236236746166469e-05, -0.2152427216468693, -0.030240494728741574, -4.0719295839153347e-05, 0.006398027659367145, 0.0439602731191977, 207.92276573669633, -101.78784510929539, 3.3237006707686945, 0.0012138795464551322, -0.0045445647446129556, -0.7811595667943004, -2.204776684163881, 0.0013419387629269863, -8.077156840131035, 3.7027550338431583, -7280.7251923808135, -364.72222178541597, -1079.191454916915, 0.000261844206505657, 11.899814744164944, -0.7955752358428707, -8076.26436370405, 2518.299999122333, 1423.0825607839527, 25.58972062982779, 23.662628609356577, 111.02912269638655, 143.54731789594337]
intercept : 46467.73284016227

