remove_FI91601_value 520
fill value
2022-08-20 09:37:09
linear_regression:
r2 = 0.07264370123825103
MSE = 383.219398950914
RMSE = 19.57599036960618
slope : [0.03949092432359831, -0.318176988510762, 0.00495110872221735, -160.8580868155956, -787.001463664669, 0.00019986120644664013, 17.196550722247125, 0.011406593190130928, 0.005171590026942785, 0.10702053685949248, -0.024605323476507103, 39.329284345416504, -32.651672935893]
intercept : 157.91054469008142

2022-08-20 09:37:09
lasso:
r2 = 0.06645594369605556
MSE = 385.7764190836724
RMSE = 19.64119189569901
slope : [0.04064899238799371, -0.29414350733288536, 0.007069918440500046, -0.0, -0.0, 0.00022894670200048037, 0.0, 0.011627886145420357, 0.005666486929948043, 0.098385943134602, -0.020234120771927752, -0.0, -0.0]
intercept : 150.5475234179537

2022-08-20 09:37:09
polynomial:
degree :1
r2 = 0.07264370123816377
MSE = 383.21939895095005
RMSE = 19.575990369607105
slope : [0.0, 0.03949092432362621, -0.31817698851088727, 0.004951108722410528, -160.85808681637468, -787.0014636647157, 0.00019986120644737446, 17.196550722232683, 0.011406593190273507, 0.005171590026952583, 0.10702053685943566, -0.024605323476437062, 39.32928434541637, -32.65167293589221]
intercept : 157.91054469006735

2022-08-20 09:37:49
polynomial:
degree :2
r2 = -0.9327266357141493
MSE = 798.6772081709709
RMSE = 28.260877696401625
slope : [52772339.72434128, -23.650025980612252, 35.20671341498201, 18.22697069279934, 91480.73055505351, -109002.69079785349, -1.6139055715502797, -2009.6152964995329, 2.0510712787368863, -0.29391798012274245, -11.87095970035549, 13.363144088848065, -105174.74252073979, 18374.87311324917, -0.00023990003551977498, 0.015169317713109117, 0.015759474336817902, 84.66220153964996, -201.72674420074839, -0.0050334912604460234, 0.07435968414912675, 0.00033947181776655157, 0.0001452863280762811, -0.012822500770932142, 0.021333780117774148, 30.63718801675014, -2.2407099192211204, -0.012337116463949322, -0.01452716028741035, -70.11007196634331, 301.6670564578335, -0.003257678864436092, 0.5490672932892635, 0.0004571811587084085, 5.2561736083589494e-05, -0.011234427947783843, -0.013747618446359411, -51.917031590939246, 15.655328892812033, -0.01136890464863427, -98.34341967816891, 103.96751403554903, -0.006611288358840284, 1.801388153647622, -0.0015392073182738386, -0.00016413608682341874, -0.027567787597945426, 0.03794217282666068, -18.291006674956268, -0.5803693994602384, 5787.792955542836, -141301.8670964638, -12.002928753937006, 1549.5864954661467, -6.115169726716498, -0.913237251449118, -17.877819481598763, 9.598702750551439, -100623.15720416025, 9025.289389184054, -502983.7905677078, 32.46837375649833, 43811.20998285036, 34.071147549841555, -9.558538703143768, 279.50478994663496, -40.595731107687115, 58362.22778718665, -197950.1924818302, -1.6390885093642282e-07, 1.126952781930445, 0.0001955482280209253, 0.0002197831354351365, 0.011380895875845454, -0.015180907604189997, 2.0161630188853596, 5.637980305933432, -240.58648849565307, 0.10861802757199257, 0.09108521582857065, -0.1787379522982917, -4.833056318791989, 2196.96650560195, 1589.1054422951433, -6.734535872965353e-06, -1.6917765606194735e-06, 0.0008896885046851821, -0.00052302616131783, -5.514816296685467, 1.1648072783248153, 1.6118706298584584e-06, 8.049003190535586e-05, 0.0003245544885430718, 0.27886815002352705, 0.22063174313302625, -0.004896897880826145, 0.006648395465163048, 44.17896686824047, -11.345292824461078, -0.0009891032684663514, -15.501830734961203, 1.2786956031165886, 158410.76580421347, -62486.37863494281, 3063.659133166346]
intercept : -52759401.459205866

2022-08-20 09:37:54
polynomial:
degree :3
r2 = -166.38606431079802
MSE = 69170.37932841276
RMSE = 263.0026222842897
slope : [947.2567119411648, 72.84988946288435, 1018.3980025343756, 95.73492531116214, -1.4538292025457393, 0.9148988891793297, -119.53911705111327, 2.7060703161850705, 160.89223138184266, 16.78140285487922, 367.08841529890515, 803.4988156510717, 1.689333940076564, -5.7979496785658915, -0.7498188682365069, 0.47800588224732327, 6.288551053973607, 643.1202109131748, 40.524670322863734, -1.1138265720885523, -67.39104272558235, 0.26256935446788593, 0.010199732488821252, -2.882271152353012, -0.1829132351484601, -409.00702990455744, -186.5421499225406, -1.8708422592538396, -1.226343574341635, -101.78704668932531, 288.3862423190391, 1.160872742955399, -27.83523458163724, -0.07232544394664164, -0.02636577137239282, -1.3764792155661039, -1.9389078145953174, 745.361883490707, 214.98211781741315, -1.6741557548988106, -12.107319498383111, 57.32601446945325, -5.444751572755463, -394.56324466445164, -0.642436284897964, 0.12730498565353854, -8.100454962673975, 11.931850003858129, -54.3199354299347, 142.27535859915488, -1.441156540974231, 0.09304508122308659, 745.977680417525, 1.1336299707470405, 980.7934670824858, -46.75092519390475, -355.36511005965355, 757.3892999193489, -1.3624771815835772, -1.1069553655036293, 0.11400323805085351, -101.94930217985531, -1.1162074571224807, -1636.5182504079328, 186.27716379476587, 63.301721972952535, 35.68027405970845, 0.11007831745332065, -0.08646621424955536, -0.031979923061996804, 432.42451445081235, 0.24561375112580452, -0.04203619960245086, -0.871125756880691, -0.3212865604756845, 123.36751642946426, -651.3557721084949, -97.77928437236885, -51.77795665780098, -3.074780299991455, -356.4228157853406, 690.7287454957706, 4.528588165658237, 10.620929993913643, 0.005505593302986611, 0.005275511817138145, -0.17397912517726508, 0.36023022682065836, -783.8051063426686, 142.96239194387047, 0.0007097581657689034, -0.04754731517946442, 0.07970430540273066, -53.52427252266947, -6.254630709771918, 0.6604178684890872, -1.4590088561658863, 457.38145668166186, 662.5756293813719, 1.8845804640881092, -1450.5166831404783, -1787.3518125136086, 1.0749779321902884, -2.7673405165980682, -12.192990266555233, -6.954345826315489e-06, -0.0003619278619382271, -0.00025472608175025613, 5.312091453434504, -13.581735099918726, -0.00036278938186296017, 0.1133977340226515, 2.2279665103042134e-05, 1.2890105338669855e-05, -5.1966912044676405e-05, 7.390681412378086e-05, 1.8093584230082767, -0.03480698707817053, -0.002052992327719494, 0.000838230974686216, 0.6609667194459056, -2.4006454798113825, 0.001292224690945254, 0.21718554289042857, 0.0001896417703770581, 8.248033063296134e-05, -0.0012098371238877803, 0.00041863033846922804, 3.148166893295414, -0.6535069179169786, 0.001188041050319777, 8.134540437579378, -173.76223286763886, 0.001155688548651862, -1.472514451602082, 0.00015884891960826764, -1.9826291214997127e-05, -0.004054301715824327, -0.00016394361238725175, -13.024983740126824, -0.19263277443034324, 2.682739739292791, 5.312342739557918, -6.809483176774367, 1306.3199009512934, -0.251683853994854, -0.1192144640338278, 14.550377253757494, -21.47306908683398, 305.89605331827255, 180.68895318607616, 2.9565689037157186, -14.098911141248992, 14.831052931925237, 2.6525949702292024, 0.0653539832017062, 82.58319596389273, -35.02853600416585, 18.032207826544614, -7.273021275878314, 0.0008334841466952625, -0.25929112765585455, -6.269049640561519e-05, 3.0267486124557763e-05, 0.00023407493861368756, 0.0005170893476136307, 0.05989103426989299, 0.4596399237319269, -39.161072286392965, -0.0038421401989941484, -0.007887185370057281, -0.0606422601226763, -0.20027185926585417, 143.18609877404307, -131.66491145696017, -3.5949191925510604e-06, -8.531444791515241e-06, 0.0001792764422825499, -0.00013166203264880494, -0.6532793827576269, -0.031777255774205634, -7.421090764125893e-08, 2.5801710979322934e-05, 8.739219521203268e-05, -0.19720197245914028, 0.10140946049116177, -0.001538200296147485, 0.0024110298941221187, 7.698199887133457, -1.0341386405474968, -0.00045689853972374905, -2.3921322555123443, 2.1567874019224678, -489.38845233225305, -311.6364676957779, 203.73386422360446, 0.0019018076618948498, -0.0011150429073438772, 0.06755362616225044, -0.5672135226985962, -0.0009758161150870137, -0.00573919920670285, -0.00016295596915938404, -4.6519709144376975e-05, 0.004035630566635362, -0.003515138300684839, -2.009625161108434, -0.0005798348007383103, -0.0030080744433087503, 5.008717001794436, 35.93570523839301, 0.00191423733499696, 0.16226677881966511, 0.0005991096720308065, 8.873881638749026e-05, -0.0017122468278802927, -0.0025885763789013083, 3.1877285558854234, 1.7092596987682012, -995.6436662921255, 49.194467122604976, -3.083090187383223, -50.23500036839084, 0.8576087926311204, -0.019118652382802193, 2.4777310214779926, -0.8444260820811915, -288.7066210596743, -218.30744360993344, 45.1383443482844, 0.46133232571440314, -626.0051042202318, 3.652889041530393, -0.05407338107762083, -12.19174555858337, 8.261558275688092, -55.529624427736, -224.3591986079703, 0.0004507243682976281, 0.021990024214255027, -1.679479497340708e-05, 2.6748763843897905e-05, -0.0023857305653933736, 0.003049812773280536, -1.3220724115735325, 0.9682977950097849, 15.857289891188746, 0.013394672448033607, -0.002652426970019661, -0.30460396346860535, 0.375636698446564, 64.03533924086787, -19.243732329923485, -5.684750732370958e-06, 5.74480239379227e-07, -0.00017981501507335906, 7.884950915126865e-05, 0.6210872598332087, -0.15879200660966664, 3.3865850923575636e-07, -0.00011528264955273926, 0.0001711359118985456, 0.13489605605711463, 0.0011660746289381407, 0.0013534415480513928, -0.0004023177153094082, -4.954468017474622, -0.2612823104013924, -0.001160271228705767, 10.52735209067775, -0.24875804375857863, 156.66978109445992, -109.26067099702881, -144.0521961165549, 0.00037296033749284474, 25.426891278958564, -191.6192920092363, -0.0022011567679955935, -2.067434439059077, 0.00021969224270534937, 0.00017593473274502003, 0.004963709187191634, -0.004700557866532035, 6.859154024998972, -2.5196457096653613, 46.82379256991866, 1.3486879607470945, 4.074106349981015, 616.7522865338518, 0.800906927052185, -0.5799771885488816, 6.262066026715658, -21.751742864836626, -34.88405431347704, -138.22779939747235, -1.7553562289683784, 57.57289455366307, 58.00732517112184, 4.815031143630783, -0.3977257580758645, -75.16376757658688, -135.69986639104067, 35.146917799575455, 20.569416498192922, 0.0008477159317139549, -0.37094764437601535, 0.0004323049000680701, 5.450239535775836e-05, 0.00716298852618466, -0.0028992895705992616, 8.296779265596589, -1.1534294344913827, -18.840021299400235, 0.12683100618653315, 0.008853094393403899, 0.678751993493505, 1.7505420018172195, 74.0067111387243, 219.46789792857814, 2.0690431195014014e-05, 1.267868223919777e-05, 0.00036268225054225667, -0.00046792412720719767, 0.11140722519888424, 0.4537385284592958, 6.287280029937392e-09, 0.00010467641114431103, -0.0003007162978292399, -0.41973514520775435, 0.11043297541592809, -0.00140420413955189, -0.001221976161820848, 20.01319730450198, -4.264273795634025, 0.002158397057115735, -19.21148084381097, 1.2734813344609281, -202.48424836437505, -226.07185655610564, -1844.2825595626155, -0.5033358458226677, 0.003159935997111966, -95.22121202367109, 0.06127835619480108, 897.0647203808089, 69.50480958864412, -197.3462079070073, -125.45369620464922, -0.8556588838505584, -0.46480891515623385, 0.0021511945374942877, 18.02272811044666, -0.012086772959735084, 94.94589635744728, 144.57425068192217, 11.54491998892005, 15.929655271127492, 0.040283363733356274, 0.037268966437760224, -0.2035619075272885, -352.90585415463204, 0.44224241455481417, 0.05711708397458329, -4.332859157943711, 8.486696178980292, 570.2424636304511, 324.31560776404234, 7.1601932048018275, -125.39683339655426, 23.661465272451952, -2189.3535124546206, 1325.1560690779431, 0.3004310633612956, -0.3463905444827605, -0.029515484874298725, -0.000564667755873785, -0.591250707497624, -0.6501695434511853, -3075.210966517439, 377.94207293705995, -0.004772446709106148, -0.18076771892381796, 0.12551955914498591, 226.9286738381474, -23.651043771217417, 5.166447274693976, -7.91802535323696, -111.4702750866937, -300.1112512593065, -2.175466409470609, 314.43082266182745, 144.4417413839768, -1.0645891405729653, -1.0416438020371508, -0.4626349010550377, 0.004843310725764949, 15.32369633729402, -0.026467517799778895, 89.55585642014071, -12.616752843718663, -3.4425624743892467, -3.744058185012557, 0.04706991109910912, 0.024914687777986635, 2.6134966567602245, -55.92845838560326, 0.23235754715590368, -0.033697145831395936, -28.148254930396615, 17.785098637387296, -66.84937343992232, -61.41530801080646, -0.08308454722600776, 146.14909447181728, 77.57051329660713, -151.54169015706466, -180.76644506079447, -0.6297669973152459, -0.6450978449966592, -0.010446983638334935, 0.02000520969213726, -5.770093206429732, 1.973698000632792, -909.8123387180316, 577.5909023815778, -0.017435747710041305, 1.322009457932611, -0.2681719344524671, -195.49526786412025, -45.314591723177756, 53.64327296661506, -63.81036935685453, 4.317547422623624, 13.359701463258357, 12.598211404349383, -9.532665426637084, 21.397915211785644, -0.11769194831900433, -0.19541152879610763, -0.03731796159340889, -4.9083155317930505e-09, -0.05889693867802849, -2.2907315706532927e-05, 1.4328782270922602e-05, 0.0007243333606181679, -3.8311307711147435e-05, -1.23605752245466, 0.7476571085102429, 15.265863621045678, 0.012017146399481538, -0.004639243946806371, 0.2624844141528023, -0.08910157639428877, -943.8881589163205, 97.17762930728748, -4.93723692329695e-06, 4.934207709084149e-07, 0.00010872491862556899, -1.6187803723255456e-05, -0.6095428897263192, 0.1540973724283816, -4.725393978333159e-07, 2.271179866397688e-06, 7.927197600565705e-06, 0.06689115289299252, -0.012919922076494186, 2.3747079810121363e-05, -0.0009485317272872607, 5.398148872346087, -1.5071872987319164, 0.00020927351322796994, -4.064866476997179, 1.7309052137784677, 267.7259566437526, 739.2177374474413, -513.4104429231369, 182.75691689438898, -2.2372070868277767, -1.0334131943608595, 33.05381616915392, -80.23011894495168, -46.62046291188715, -49.0000851528125, 0.002598870404404874, 0.0016288439633065366, 0.014322128246254506, -0.03797988429070975, 56.64914794397838, 26.633214662775025, -9.72805068499838e-06, 0.017285428841522732, -0.023633290620872827, 12.252038488170106, -2.0069326621425816, -0.18760219488611254, 0.8294684169551859, 1028.6700924408856, -332.46996254516114, -0.7030305392408212, -1821.1383291109012, 470.55337056726063, 4.591630998388262, 8.949034363562173, 15.091704186743419, 1.933835847012233e-08, -1.372570892499425e-07, 1.2598508831729305e-06, -1.6351124401126071e-06, 0.001780117819048077, -0.007673764574251729, 2.2657459908259625e-08, 7.441161358201498e-06, -1.2100276535420562e-05, -0.01121776195207369, 6.500179303081666e-05, 0.00023145315035577596, -0.0001817002631696596, 0.45958841659204114, -0.040433239160231574, -0.00013168363622639845, -0.5498278656166882, -0.09755514672254413, 600.240269200972, -124.44039689339164, 9.03605659274943, -1.060584509104956e-08, 1.2993179439035885e-06, -2.005167402785446e-06, -0.0010138353308379866, -0.00045253617942098145, -3.26450003598211e-05, 9.35245771671589e-06, 0.2207581048863217, -0.02158907668004445, 2.1229658671018115e-05, -0.3891069767151232, 0.10083157080404517, 5.480622148216134, 5.069145675275119, -0.9924145478266078, -0.0015402110544098235, 0.0040294289441451525, -2.21149427921996, -0.6529432544973515, -0.0029981744700933177, 3.005197609067855, 0.42357086926421295, 419.8985610278641, 764.859564779211, -815.5752009001747, 0.00042593908686328064, -2.6049895124453566, 0.3400734967288081, -1495.0941690676052, -639.1373815760651, 2220.483067597997, 0.22315629752236363, -1.933664215832862, -6.719592582933545, -16.01376935680592]
intercept : -253051.59990845222

remove_FI91601_value 470
Fill value
2022-08-20 09:38:46
linear_regression:
r2 = 0.056419888542409646
MSE = 588.4850197461544
RMSE = 24.25871018306939
slope : [0.13898741991146374, -0.2192520032171638, 0.1169036498830991, -67.54151789158917, 863.5613072310462, 0.00020593865918475465, 1.3119128229955244, 0.011964330222391285, 0.011964330222391285, 0.02127341662049617, -0.02440569498166165, -82.28030073983571, -43.82636991857343]
intercept : 179.34789191010213

2022-08-20 09:38:46
lasso:
r2 = 0.07454352570269995
MSE = 577.1818046374021
RMSE = 24.024608313922666
slope : [0.14195629704252172, -0.23086430951083733, 0.10713970768673176, -0.0, 0.0, 0.00023792560254264967, 0.0, 0.011651668559803069, 0.004932498816112235, 0.032950414212017984, -0.015278892382212821, -0.0, -0.0]
intercept : 121.34207314394506

2022-08-20 09:38:46
polynomial:
degree :1
r2 = 0.05641988854244451
MSE = 588.4850197461326
RMSE = 24.25871018306894
slope : [0.0, 0.13898741991150665, -0.21925200321690977, 0.11690364988336008, -67.54151789130312, 863.5613072301774, 0.00020593865917288914, 1.3119128230103796, 0.011964330222421979, 0.0032547311375946686, 0.021273416620704463, -0.02440569498166398, -82.28030073983697, -43.82636991857313]
intercept : 179.34789190992288

2022-08-20 09:41:17
polynomial:
degree :2
r2 = -0.7046098758262611
MSE = 1063.11839795512
RMSE = 32.60549643779588
slope : [-49997408.693811186, -15.941554808017159, 5.417651162840538, -12.814758106339147, 42322.52652373334, -60598.19973427652, 7.132068288930932, -1248.820266298671, 1.7711851869291035, -0.08402552549516559, -9.056663599993989, -2.240327184707614, -30392.377619194638, 4740.92729818221, -0.0013261702066803657, 0.0019508164506982736, 0.036322205989634176, 12.069991012255572, 98.43438808882436, 0.0003953570939017985, -0.43938289140269954, 0.0001553994225184062, 0.00016430407512993753, 0.012394110944145414, 0.003273527498883093, 24.010500343066926, 4.969855828609875, -0.010694856059440545, -0.014078170916693708, -25.07596123170606, -25.838186684317943, -0.0014996564950258418, 1.0129250167944976, -0.00046302943155751564, 8.205663198168622e-05, 0.005877636633158545, 0.009871050015135552, 6.515903232122014, 4.166805520173654, 0.002354784748831662, -74.5632440376491, -70.69418251903268, 0.011933791901469704, -7.728994410527187, 0.00042397968172736, -0.00013340131408767775, 0.02770904822796183, -0.027508207751679947, 51.58710017704634, -11.972242380958734, 11314.650751065135, -340216.7239472199, 10.225952484996963, 6496.471512694565, 0.7099545831188152, -0.5277706265707138, -38.99020476773156, 10.171779775000797, -72088.15877170062, 27954.56802256358, 64237.66104506723, 48.253562621630444, 32407.1014615465, 2.9177905519682477, -0.5442369614965132, -45.65531465164584, 23.770409481788167, 193174.73004971302, -55592.65872485272, 2.8511394702945836e-06, -0.668936817888067, -0.0006967396548134275, -0.00018532359536038712, -0.0007142415273619918, -0.00014103956482358626, -8.67004535179089, -3.1285102330160512, -47.945829513501366, -0.014269267785948614, 0.05075695346477005, 0.32713173248295035, 0.31119945524797643, -260.0322427390434, 1835.285936096493, 1.573900954099372e-05, 4.786197678185999e-06, 0.0006998237786319805, 4.709663426183397e-05, -3.143734572024499, -0.19252879069995288, 1.3067504198716051e-06, 0.00018102915510098683, 3.285055026935879e-05, 0.3185454127610683, -0.3836316152876691, -0.0006690558033142224, -0.0015305878484923596, 10.413780005827256, 0.07386530315918449, 0.004300939450217811, -10.087579042233358, 3.5550665261991465, 32132.194230245776, -13611.6663457905, 1467.5431752176278]
intercept : 50002854.13913668

2022-08-20 09:41:22
polynomial:
degree :3
r2 = -282.4997081962828
MSE = 176810.98758874912
RMSE = 420.48898628709543
slope : [-0.01836609844897166, -832.2010333097585, -259.5010226649887, 429.7616720026292, 32.92035683712884, -9.666080586630963, -1.41327165371147, 21.83783636247957, -26.11290286846865, 3.044827731535892, 416.6442417757378, -267.60186489255193, -26.777824513652305, 22.242430631552246, -1.5442605393551427, -0.04499763205110962, 6.226757708581561, 2414.570182248828, 349.4056243315718, 0.8318713866809861, -453.80877863425394, -0.02609828511661941, 0.054597222056030986, -1.3970714993358273, 1.6587082022663655, 1672.7046281552293, 1596.0826707112824, 0.9213452801299907, -1.7758564790356206, -656.3916872244828, -1333.9593296924525, -0.009029263654250157, -12.124145105021084, -0.13892425264330766, -0.029887928504701178, -0.2558232437836694, -0.5751115033253591, -139.35770858381875, -280.75069802161306, -1.074354013566571, 2833.323124004451, 32.789216505283896, -1.4470794771916182, -1.0218146606072247, -0.28460678520167776, -0.007218734297941065, -6.105402024740793, 6.317528957436749, -1418.3910004217782, 2447.6049824017928, 3.1481708895714355, -0.13503469017434788, 350.61180536823963, -9.989582727141343, 330.9760665997263, 58.954388048870335, -308.3230592139389, 293.82667161158855, 7.934690069974575, 7.3711675968743435, -0.3861678670166364, -838.7436957141585, -0.2543066345742706, -256.1407693574931, 231.55461768106306, -571.7383417383194, -722.9229027525383, -2.9697147423399994, 0.8160163642006515, -0.05470603402606011, 117.16825482789903, -0.009025281913396188, 0.010944636817968756, -1.5959103119443314, 0.04762214619051416, -594.9569951416187, 1065.116548662747, -338.214454321501, 15.569366141588718, -0.10369782385735879, 458.9932864083651, -409.2389059120756, -4.0681916777193, 61.754024610301016, 0.002397239571908294, 0.0025017336960404535, -0.02429294631730744, 0.15526762991058157, 149.25192712951105, 96.10106752442246, -5.9881577580966905e-05, -0.024847124210379157, 0.019772984259524118, 6.454862958955116, 14.941520299830508, -0.8169514312500843, 1.9416310873961962, -866.826258091014, -104.3506081548237, 0.2066714431689146, 1229.529292652344, -421.8734749121037, -19.53472361273568, 15.591040060608082, 1.198974585713459, 7.340257064925026e-05, 0.00023497502919767044, 0.0002873846732981411, 6.187339366259039, -29.82234989745976, -0.0004072389491032169, 0.062160634200146364, -1.4408800467435867e-05, 7.318286208146674e-06, 0.0004304078366796915, -0.00014906901446387621, 2.601767592138769, 0.21429820107046318, -0.00038289063977003934, -0.00044409642458020926, -4.7469240955816465, 4.444484303413174, 0.0005728485828910834, -0.1264691802558228, 2.31579841738494e-05, 4.210163740481221e-05, 0.0015015213526616833, -0.0020631462947031665, 0.44657187661808506, 0.22936812596509104, -0.0019537205767476973, -22.58105397504815, 3.4656531775035986, 0.0040573490591422345, -2.539638815019135, 0.00018503397774072283, -0.00024182815748474695, -0.004493076793823381, -0.0009733429134848315, -6.760360668416369, -3.1715807403663625, -6.626569480838005, 20.320274998853378, -2.673611050181947, -376.72011699091365, -0.6388487309470281, -0.10645948714338303, 13.492874423219634, -17.221982040215934, 1301.1153175704442, 1943.8122793465143, -41.82818736106818, 11.474335203537112, 75.99382637369838, 1.165357825931443, 0.1461224836425358, 9.222076418849488, -49.29131165628437, 219.6955688181332, 218.27935794659857, 1.4476428276566367e-05, -0.29591030670748664, 2.586257338066389e-06, -1.0688053407648113e-05, 0.0003571997205691346, -9.60779178882376e-07, -2.2946441730999725, 0.03438352987591567, 53.90622062796646, 0.00816085751970233, 0.002690987961150082, -0.05923113357143247, -0.012654518906244035, 1149.6373776500218, -58.27729142035049, 8.673435814898767e-06, 1.7379452117438632e-06, 0.00017160317967501726, -0.00013112587699559697, 0.09677555728721826, -0.14062164848443962, -2.5869056230476417e-07, -2.606524117254594e-05, -2.8018523607897805e-05, -0.1671395022203992, 0.0380011518769261, -0.00022343993118667527, -0.0005749142561501941, 0.8486849452948378, 0.7479660344644311, 0.0010937526555032662, 0.42186612961577113, -1.704447845186124, 408.041975289923, -4588.0758599239025, 658.6884605475329, -0.00035148733692835776, -0.0007118904889580335, 0.7387576183229025, 1.0154993145034192, -0.00036264572133859474, 0.01182354839824562, 5.377805638318023e-05, -3.8156008486112114e-07, -0.0002457530466699609, 3.526892108851598e-05, -0.5795809429996792, -0.18565720769925598, -0.0012205602430626072, -2.6254129453810706, 12.53574229202965, 0.0016291281687301762, 0.42567511455737694, 0.0003090012692155142, 4.861433285441308e-05, -0.0023660495585176022, 0.0010277657138715313, 4.6909174534473275, -0.09225692369558444, 2708.873293456987, -43.214239963513975, 0.9342581169463329, -41.88514384827092, 0.1541507803494968, -0.05527488377848844, -1.3730375674719801, 0.22855691849330645, 46.518178777182264, 316.3827529718119, -328.9458101842804, 4.428804302075835, 605.4905046308728, 0.3937354369800153, -0.07162216735856686, 1.53627981439655, -4.58568087863918, -395.14306676300714, 1393.2701840011416, -1.6629810630774955e-06, 0.0064755171211595824, 6.508255953008302e-05, 2.4030264057728346e-05, -0.00021806647872324447, 0.0005122134429491609, 0.6313356829952735, -0.28345881962342934, -9.267814449903542, 0.005262926305302784, -0.0015170491756535398, -0.009209891861326702, 0.12289494064055762, -54.4484276938771, 69.47254542319871, -1.9439658274222893e-06, 1.237431206391193e-07, 1.2345320243412061e-05, -3.17240543150632e-05, 0.17399333579142473, -0.025867007737658376, 1.6722731288609793e-07, 2.225290700152982e-06, 3.6518495221571357e-05, 0.04442972698335623, 0.006329650958214472, 0.0005453518465969864, 0.0009978619249864096, 0.9971830081669608, -0.3593564082686318, -0.0005879936806394426, -0.28859574476034117, 1.5737487539126478, 27.8999819571507, 843.8322727947328, -37.174399506010744, -0.0007969546461530364, -2.2457812139765325, 26.814746484075265, -0.00214937135683263, -0.9273754182395406, -0.00032437923909256483, 0.00010099059494450557, 0.0024130559305985955, -0.0057453223015278, 4.429861586526937, -1.059532299564106, -71.45691255349602, 3.7650678125277435, -2.06869253614529, 386.3812774707477, -0.19648328806811374, -0.4597603919445448, 6.284770757525158, -7.655150241326191, 1412.1164043271892, 1048.9424263212038, -5.94648478439877, 17.160193328983947, 94.00426431809811, 0.01460668751087084, 0.06871224478497732, -4.909346903588713, -101.86781040893986, 26.54789026947708, 3.441882753675274, -5.006633446136277e-05, -0.7024420268553471, 0.0002042747818293833, 2.2857321368974226e-05, 0.003757705359570096, -0.0038493354931663504, 1.2909525196893046, -0.38705580670155315, 68.68355293109225, 0.03855198381572486, -0.028473391613470067, 1.0388292940908328, 0.13989232717501351, -121.15795625507782, -221.7758129905871, 2.2884742719497808e-05, 6.962973444046838e-06, 0.00039942745400267654, -0.00024078918468362076, -0.15020342673964887, 0.3517477697051637, 5.628379540212336e-09, 8.921036909725899e-05, -6.844051392818074e-05, 0.012845962603790784, -0.06896753049011672, 0.00017517811019196472, 0.001296713684812545, 15.693529682882994, -3.3493282064194547, -8.703457708136852e-05, -13.559089838142981, 1.072839427630029, -1286.590107507234, 34.06216999046268, -2833.807481067946, 2.1032833003464533, -0.0038983193541277526, 52.83726096532038, -1.109823578274907, 659.3776513068946, -402.9353168523553, 675.9114504374227, 597.5496745234831, 1.7917451416156356, 1.176735674830971, -0.007497417565578503, -26.88417701196131, -0.078051931279461, 45.24685934066663, -114.96842676787347, -29.73633529137418, -18.569336261617725, -0.06429690701502849, -0.01969935474942143, -0.07102686424249383, -594.3981120513027, -0.0522787059073505, -0.07342258206300745, -5.437783984737133, 7.6096307720939445, -671.320041125159, -727.0454791878775, 36.553289006934385, -34.72945439052049, -10.828660838933049, 262.20946041675234, 1321.7978083991836, -7.325618286375213, -9.456523305797658, -0.008826802375586034, 0.013223059316770147, -0.06950281598889105, -0.17032794216491717, -853.4379765838431, -84.49164946552287, -0.0008129734022119806, 0.06615230875809341, -0.0785467138328827, 31.644070947641058, -76.15059431244514, 3.2510189351644208, 1.292529862314071, -466.1365279036689, 1060.1884409536115, -5.089836404659691, -64.83352190215533, 1604.0081026161674, 5.129509104454615, 4.490372456545209, 2.546572445881592, 0.0523438422994084, 56.455222140872856, -0.08157283937608334, 55.321742598542016, 76.13367637113652, -6.618771631623611, 4.1233771359895295, -0.1782511683203214, -0.07959988581586674, -5.742955184858141, -347.30256344149336, -1.2505346141204423, -0.12173320258555399, -5.342939136662515, 5.642190643541075, -421.78675090345814, 423.00364477567723, -2.1841909956863628, 59.213048036342656, -60.070694081537646, -371.45951874023467, -367.76857923309257, -0.00478790170347682, 1.1323341509339657, -0.06749579985734504, -0.06835906033887162, 1.2227789758385523, 1.2616867793332762, -168.03866390294476, 991.8911105825165, -0.017545820867844064, 0.6163120216715036, -0.17787553790731575, 67.04701773325559, -261.7022453190031, -28.447465784297073, 21.33698591769905, -268.951092896724, 379.9590095259634, 16.12900471803971, -309.765465446491, 191.71395249561914, -1.225511255275381, 0.5558197855893324, 1.2536824841269807, -9.163215963781113e-08, 0.012845933527774772, -1.8042760856928908e-05, -4.556478273798348e-06, 0.0002695336821574301, 0.00022793104230345307, 0.19076173754468803, -0.1540194385096479, -5.770029216000078, 0.01656422794115381, -0.0017343151846673788, 0.23464900396881394, -0.05120001267770086, -276.4283521484839, 49.3361553532834, -2.1716774654123583e-06, -8.277817187263281e-07, 6.198069435470188e-05, 4.592915494683325e-05, -0.11184103238809345, 0.07210842699458558, -2.569599928392563e-07, 1.7679796940228698e-05, 9.52072986137864e-06, -0.05531329787523287, 0.013002203957731329, 0.0005108647631786312, -0.0008034961783209837, 3.003301576952687, 0.27788326318517975, 0.0001119656894204013, -0.5940611778808653, -0.2456721899983738, 812.7501320508692, -1135.017436808392, -633.453134710263, 714.4091739917982, -0.21179110151584948, 0.9984483417013772, -46.42180621195429, 36.94473739367425, -134.54538131945364, -291.08617117474296, -0.0008036490528811058, 8.401134481061945e-05, -0.017927071072518563, 0.018937027185509714, -53.102728708473215, 18.345867336168254, -0.000167346827424808, -0.00672318235629632, 0.005308792547852548, 9.615667630006497, -5.6932951951340165, -0.5080626832058144, 0.21068001941731335, -735.3543811932367, -32.85515653776364, 0.04045321616518638, 691.2427426854224, -178.57895093564366, -12.57951204699891, 9.701215546075119, 30.900736816048056, 7.399847845590557e-09, -7.886038133619877e-08, -5.308175445861707e-07, 1.7582747133815246e-06, 0.0009091874247117993, -0.004673120826358956, -3.798646730501787e-09, -1.289861046416263e-06, 1.273020416192594e-06, -0.002561054259018647, -0.003973414315822765, -2.7686873067978013e-05, 1.9405374274583664e-05, 0.15589955049115187, -0.16553809009625553, -9.087699538667948e-05, -0.347079216761005, 0.1165426906038105, -174.71781019487648, -107.92917948282965, -13.077170474504282, 4.964022082276642e-09, 3.3811602406785823e-08, 9.316983060614348e-07, -0.0006091449966731943, 0.0005113170755066676, 9.635573746891168e-06, -2.2577451787242353e-05, 0.04830157729246931, -0.0014186320172120404, 6.289405149573213e-06, -0.1042628687043603, 0.011579227213615262, 2.9756992541640708, -53.512788387740144, 6.253159915822585, 4.294173226071507e-05, 0.0006588157772426939, 1.1419769477221557, -0.437108846619387, -0.0008026022557743318, -4.443287906611784, -0.4986676320513903, -254.104546673134, 510.44533675362703, 352.7020555020588, 2.8663834328312987e-06, -0.32111402901574837, 0.978989691728952, 590.5356792980659, -1604.636696049801, 217.6924508374577, -10.560854469775194, 10.578736736802604, 7.177873667892049, 29.142838231157043]
intercept : 38597.50010473241

remove_FI91601_value 520
knn value
2022-08-20 09:51:05
linear_regression:
r2 = 0.07353454716735686
MSE = 376.8962071256979
RMSE = 19.41381485246261
slope : [0.040313925131885815, -0.36515342428390546, 0.0660450875645956, -257.97403369260746, -196.95616763320442, 0.00020423249010678018, 25.952305814867813, 0.010253075241247342, 0.00886213424119986, 0.06471844472535547, 0.25079362849159814, 285.3990205555573, -30.015179576387307]
intercept : 27.044557507921123

2022-08-20 09:51:05
lasso:
r2 = 0.06394572455424241
MSE = 380.7970442941366
RMSE = 19.514021735514607
slope : [0.04128875411432367, -0.3118019730858535, 0.08658815303300318, -0.0, -0.0, 0.0002937162492378487, 0.0, 0.008038062980738524, 0.0066492621141231376, -0.0066081847480137495, 0.2610490051547334, 0.0, 0.0]
intercept : 141.5559892081406

2022-08-20 09:51:05
polynomial:
degree :1
r2 = 0.07353454716730379
MSE = 376.8962071257195
RMSE = 19.41381485246317
slope : [0.0, 0.040313925131897105, -0.3651534242838127, 0.06604508756518039, -257.97403369271785, -196.95616763364794, 0.00020423249011134684, 25.952305814847758, 0.010253075241207412, 0.008862134241192976, 0.06471844472567559, 0.25079362849167147, 285.39902055555694, -30.015179576386895]
intercept : 27.04455750787983

2022-08-20 09:51:35
polynomial:
degree :2
r2 = 0.038184708572075454
MSE = 391.27690534637287
RMSE = 19.78072054669326
slope : [-129.1493472248582, -4.515735233662406, 45.65167588059367, -19.875797942056458, 82799.12943810335, -1192466.8780001237, -3.768918476544105, -60.47031118873693, 0.8486202160007901, -0.5713493288582501, 11.220324496514136, -14.772258896515716, -73831.76972976155, 9623.68147337176, -0.0002752824221857954, 0.011907439604893226, 0.024971994358795786, 46.271085015006015, -87.68358946388626, -0.00026931720629573466, 2.0451593009298183, 0.00013406806092551744, -0.00021328166993803653, -0.0036064198083267246, 0.004786839761048043, -1.6733328054260432, -1.5184840125566341, -0.023847343649633236, 0.00745656160737353, -60.22306482119117, -622.4500687893587, 0.011835327887917274, 0.36444253486039546, -0.0015349285094998777, -0.0003423233865760267, -0.025384230189956725, 0.01805596548365429, -39.867649273937786, 4.763354788590732, -0.019361081627721433, -89.32941510919842, -411.97566563026015, 0.023522311428678222, 0.5030692928248754, 0.0015680334763601422, -8.636717757326551e-05, -0.08821401170644094, 0.07928576800622977, 48.7510989529645, -24.025886157276773, -49630.95195346158, -212218.09627784713, -32.50990461564112, -301.11558711058325, 0.9509045151521605, -3.276725914358394, 31.961333954655743, 66.3286551450908, -48549.70650516189, -46837.659465137, -1006344.4429195372, 636.2682599416988, 12077.301374639137, 40.950474451265734, 14.6825060111305, 563.8929382683128, -291.16930950193364, 3323855.044912784, -588690.9355665924, -1.1567703495529713e-05, 0.36903194361002534, -0.0004281846195226535, 0.0001340422168141231, 0.00044268439523875713, -0.0018791404909279663, -10.79769799784583, 5.940348266991123, -291.5937850654754, -0.09877210001286585, 0.05620940661174245, 0.9178766581662785, -3.443764131730859, -2009.2245252945374, 2387.8281794329027, -1.1325282684992999e-05, 2.4247390683740377e-05, 0.002035731915384531, 1.3966229744255543e-05, -0.2625142443084769, -0.35881598835112527, 1.3334230970940553e-05, -2.066900924546644e-05, 0.00019913914729841053, 1.2005040307412855, 0.1486118337343214, -0.015351535461377352, 0.010999028338119388, 15.244897354333716, -9.461138471371669, 0.0012539459421532229, 4.168759964646597, 1.1801795979326926, 103101.92200502072, -31329.0965972196, 4244.267603452215]
intercept : 5285.391654871125

2022-08-20 09:51:44
polynomial:
degree :3
r2 = -9.358728330118062
MSE = 4214.043174875146
RMSE = 64.9156620152267
slope : [-1747.7820882369479, -2052.5339365459254, 2486.3042077098507, 2321.1611137543123, 71.44550372658935, -7.614201972391432, -1095.2031943656766, -6.279930596149251, -69.06945590640213, -2.831228944661011, -1347.2443023268213, 997.0821431883829, -38.894413551117594, -0.2952038874412108, -0.17751500462072564, 0.09803328014386868, 3.7875396521386677, 6035.047320446803, -982.0414762574536, -0.9728608398707018, 33.00677729448894, -0.05172702965533309, 0.13718409339783325, 1.3715773376953444, 3.8761218301854043, 3873.3770104113137, 3226.209150480203, -5.527325442316096, -6.6646503046596735, -1712.9851364462288, -6775.923528245422, -0.6359491136079944, 70.26550423472885, 0.014986836252123936, 0.13093260576363264, 5.098138538295355, 1.3267747467744804, -46.1936852505328, 571.8973763443131, 2.4349723919483477, 2801.83037695612, -434.21670105433896, -3.1747849014599607, 1150.3419924763282, -1.3292896405779289, -0.14371102758251397, -4.894113141021123, 1.7181032154769196, -3323.6502215290393, 5396.232751276473, -8.571701962400134, -0.3011133041632593, 733.7659990152749, 20.692249039458954, 2069.312414726779, -85.23111704540956, 1571.3123819446814, 5395.564536922654, -2.53097342793374, 4.55401815041668, 1.336135618532371, 1475.8450706432254, -4.622350959975643, 6079.706135092635, 330.5618934230244, 723.3556702875372, 702.5237240011817, -12.055871602005553, -11.570756961344637, 0.675132376246344, 621.7024288177363, 0.1526601529643168, 0.06381013578451622, 0.6185087389576993, -3.5640754888184123, 2782.9113837202085, 2773.1976899451015, -172.55389649039645, -22.607307398583135, 7.663599687202569, -1141.6282125607856, -250.6901959051661, -13.454337401543542, 60.47274105496682, 0.0020490691563104235, -0.0022029740302684786, 0.10202503907340654, 0.31316458968385064, 163.87940985550446, 60.319255023223036, -0.0024909203772267574, -0.042564617298292085, -0.040659246557082085, -49.42434092221231, -44.03930171858006, 4.446597229323044, -9.673087580895576, 1089.7478628223005, -633.669597255753, 3.685227185723612, -2159.648916584531, -4108.362152392399, -35.95575024182569, -14.087616965644427, 72.92584813172498, 1.0906468077109821e-05, -0.0006146931289094937, 0.0008555351696060143, -0.4891334655348179, -7.043576264709468, -0.00025412942659386317, -0.08252728281385568, 5.458594387164339e-06, 7.573751645395532e-06, -0.0007835355934275867, 0.0004694633524309211, 1.1188400567631294, -0.11164036493038165, -3.3059261095758075e-05, 3.805127028044808e-05, -0.8439055658225549, 3.39938933041568, 0.0018476444712973716, -0.2734139229120558, 0.0001361238337267423, 1.435537001270859e-05, -0.0014986655727966536, -0.003166354416933359, 0.512911975069773, -0.19743948879690376, -0.003970449660632092, 1.7175608098878246, 55.135385273972936, 0.0026724589848203806, -0.9660607029754699, 0.00014203269539336816, -0.0001680677723925328, -0.004016893758633344, -0.0014796761124458158, -2.807713629019891, -3.936731426338605, -281.9052757740049, 4.231732545106528, -7.096299229764401, -414.4144042094572, 0.5996817367221179, -0.46017067509450893, 12.489179801344978, -13.024608072149952, 1063.0831614448184, -10389.903991949599, 13.766882261495397, -31.484230806320213, 661.3290882145552, 5.1445968536193, 0.34382853752204173, -61.22503223317054, 43.55831590798402, -400.19630216845474, -222.16191100082239, 0.00040218088302879096, 0.9557091078049049, -4.9994697235433705e-05, 5.502941712620668e-05, -0.002779096695344929, 0.0022481822747835167, -2.8409789369127623, 3.1372132450675543, -48.59276091620513, 0.0020174422113270474, -0.013621125549949653, 1.5481932881859644, -1.7529593894636704, 489.4635095992644, -191.65135510323174, -1.2206386145408032e-05, -2.833650000866328e-06, 0.00028800001416584564, -0.00027486592458103587, 0.09171572157983554, -0.14223887296578708, -2.443538789975719e-06, -9.156501164397923e-05, 1.0904946350365208e-05, -0.2318642353913436, -0.0027284822186786073, -4.9391055483738455e-05, -5.715656742211195e-05, 2.528880761657847, -4.057332768751731, -0.0005135143981860324, -5.604632338755469, 2.2182777105653018, -78.17670234519893, -7883.937618175706, 1271.199691391507, 0.003165291683906446, 0.0018484068810664667, 3.7197163175215007, 14.409232963218814, 0.002550632168777156, 0.22520446595922294, 0.0001750814076331153, -0.00011278306214990153, 0.0010337702195784004, -0.0022658029404283297, 1.4835985050013534, -0.06532411273235272, -0.002117981876056829, -5.159528490957235, 62.86570960180787, 0.009559846748643963, -1.5335383873353394, 0.00017418263998791872, 0.0001624816330698664, 0.0031719742215159386, -0.00995887649256133, 10.681459032584552, -3.699310507761997, -3867.5612526032464, -185.21342931113395, -1.551754364888174, 471.6812546176614, -1.0722504600753107, -0.11518164387372565, -2.990391685424758, -8.988332909509941, -2437.670875395084, 2158.1957241020773, 615.131361377189, -11.503644389944231, -601.7345943583609, -7.02417423021616, -0.7181396042632082, -8.88329770159688, -4.440337436967671, -2959.742366071932, -3244.4617688572657, 0.0001734828007897704, 0.8314902170077847, -7.653730168044603e-05, -1.8623790538185858e-05, -0.002671070729924452, -0.0001558652670041738, -3.7843805915513373, -0.5982376600465504, -5.949267707484075, 0.04588817375667986, -0.010807257939120518, -2.004314273384315, 0.6154473148268025, -454.45007822501077, 61.29002362882354, -1.3477983202392352e-05, 1.9288579551357543e-06, -0.00040729935761874003, 0.0002217901468952732, -0.4094763132510435, 0.030750548947082734, 7.807315540730997e-07, -0.00012284381318750093, 0.00011908208534805453, -0.012173330625586232, -0.030940139854294557, 0.004571261328585763, -0.0018929030630658872, -12.280953916383853, 0.4171525009343142, -0.0023261291686935692, 1.2604065324921354, 1.7336903075810506, -327.3371338857516, -778.4292421567735, -150.08576309364202, 0.0032434696634617843, 37.96812876271277, 5.708699615579985, 0.003212111583390298, 0.06402746823363728, 0.0005342388571651924, 2.0616100705694862e-05, -0.0016335010170025477, -0.0028179414960396443, 0.875627163374438, -5.881139131803563, 650.8096191986106, -6.232149842523016, 6.194301040082153, 1323.1575233841263, -1.3800003995165748, -0.2247099077104806, 27.57358518984195, -43.079499771318524, 1523.8818160261692, 1809.9839478655783, -7.394005645331505, 64.22480983882463, 115.83683557615088, 3.583506151677126, -6.78117575109302, 257.86052140921373, -324.16522017807966, -143.87775186764623, -140.1014072064268, -9.989754225969705e-05, -0.8038158343590668, 0.0003429951267008846, -0.00014472043488922282, -0.0006556678530231785, 0.0008120450818580593, -0.952044559058803, -3.397186679690033, -94.5587938259155, -0.027032905061276535, -0.07585322654192161, -0.9889630089961666, 1.1936046960475772, 840.3194289524486, -949.2924458975364, 3.5208418466936564e-05, 2.1569827822531806e-05, 0.0008741438605675, -0.0011375298762459352, 2.3335492207283637, -0.05941925514162966, 6.81961410009535e-07, -0.0002941030755891916, 0.0005684448553893162, 0.20229850921953152, -0.18155199697139468, 0.020173201106977956, -0.02491525082633217, 4.412017331526738, 3.1441369114070348, 0.00518933610787542, 4.238518150868884, 2.0163926344126994, -4455.842032224281, -714.8273215206293, -3186.1611409408824, -1.324165001372124, -0.02576370267239437, -1360.1615249702138, -0.875408830035469, -1340.1865267528015, 634.397114637504, -864.7948111965775, -542.401977904797, -4.315062553957299, -3.320831177547997, 0.00728027271290817, -40.784877843694176, -0.33820795513670865, -237.97592379740001, 89.0419926796256, 49.37353547336417, 80.49352611530186, -0.12396192276711507, -0.13112198578612028, 0.6787007306451178, 263.51891651392924, 0.7749491462877008, -0.00723907403176316, -17.816902192209376, 25.343580265210733, -72.5333273213, -1729.4683948748363, -72.58749465587609, 167.1817275147804, -63.80611895877945, 3405.876587126259, -3572.372124637056, 12.733679708858237, 14.608540989219865, -0.03590611319587178, 0.03118942919617851, -2.1808019269434715, -0.7582679732580482, -3311.3997732463004, 618.1514137785925, 0.002468806397530443, 0.11043211933520869, -0.22633362160030934, 498.8778644450166, -332.26862041143215, -2.2390122182926357, 7.013469366964908, 64.84183930528711, -342.89247854450275, -16.356834940952965, 2613.5127301815696, 3303.9504086015113, -2.746888500125581, 0.6829681486957945, 8.040656268787144, -0.02200326683163617, -106.29594818862309, 0.46092257836985256, 179.52050850197787, 149.80551936217194, 21.705180424823144, 14.630230083293899, 0.7040159131753188, 0.5914622096572031, -13.931537761405394, -631.9121857004978, 9.582175809324577, 0.11881008189767064, 86.24619452392952, -48.58199858449403, 779.9033183906222, 563.84651734159, -6.444314842672772, -2315.1679808653885, 195.19203717834466, -248.38165157842946, -816.5243963072592, -1.815820349380704, -0.6210004298183787, -0.9822212055212349, -0.1370302457845778, -9.720871148311545, -14.619467321307523, 3092.1076188564994, -2718.955104579662, -0.016787221050091006, 2.0325175543731198, -2.663688340870503, 365.72581641461176, 411.46558765474595, -1.3984802839686987, -83.95134345685847, 319.63689532983926, 24.852599990461435, 175.67756250856655, 340.519221337377, 15.412946252149766, -5.814101253596635, -5.714075140201337, -6.96625733087229, 1.1655204161797883e-06, -0.500689182170434, -3.553554063273623e-05, -7.3422237960585335e-06, 0.001957273591244757, -0.00200367788686151, -1.1918334368563306, -0.3399855091246934, -20.131863616604832, -0.021166612344901914, -0.018758227876261913, 0.22173079098065474, 1.051202419878927, -2543.9971641340417, 565.5487386652005, -1.619585827938863e-05, -3.695786745083751e-06, -0.00023936239125532666, 0.0001204322496732857, -0.009914525514779338, -0.2144119478443356, 3.193210602603358e-07, 5.62645129775774e-06, -2.827174932917842e-05, -0.10806409024241947, 0.007953370310531227, -0.0016474853300394443, 0.0005455840812729207, 1.0634981901209355, 1.416907156473786, 0.0009194036427260244, 9.137574404869504, -2.5681213141229353, 1398.3447364659235, -5468.125142220501, 447.6334224926254, -2822.3447390789593, 5.739835164483742, -2.1168326297015785, 27.595160149804176, 141.54141817008735, -38.174690538009955, -250.03299738738176, -0.0023697101238440155, -0.0010040960615924632, -0.15589530678135155, 0.17245224861189357, -36.93444571328426, 55.9192438149232, -0.0003678456064335478, 0.02980554580257433, -0.012581849626997155, 5.057782105358921, 1.4749531522039696, 0.7290687253474346, -0.5673754402543529, 4827.310644838096, -895.2846886507662, 0.5718910454892923, -322.1640660071043, -34.22066411582584, -8.978089740462309, 39.037247597726044, 10.414707577282735, 2.8187332645757124e-07, 4.200575034474241e-07, -3.5252699035481783e-06, 1.881147329640953e-05, 0.011041990258656043, -0.007085211956287196, 4.9602249418967403e-08, 7.2452676249668e-06, -3.594391387196083e-06, 0.0014077120938793541, -0.0020934437783353133, 0.00024313951075782825, -0.00015966890896379482, 0.22275917958249591, -0.055970427625410935, 2.9052015406705323e-06, -1.1286183192312635, 0.39920589014085994, 204.83446880345247, -239.88562036262948, 48.71454066584678, 4.4988155423197895e-08, -1.6671195908202208e-06, 2.8300687517912593e-06, 0.0011436257175319042, 0.002394480483985717, -0.00010953465346119629, 0.00020054717947459721, 0.345540368498785, -0.13266484722009686, -8.535220035810198e-05, -0.20700391336640678, 0.1452977593786393, 27.057667965523564, 34.95190306071639, 37.22699166200739, 0.0010613725675696628, -0.005243029697751922, -14.650559674607356, 1.9826123411395784, 0.009306843671197385, 19.90144361421571, -1.1054786208451146, 2455.0887868814434, 4698.630391380052, -2042.2472845024704, -0.004089108454934376, -2.796300534735356, -1.1818409287049756, -200.73550373973274, 4747.887675039536, 531.900147992536, -25.434319519080386, -14.322844154228747, 35.275872644783064, 63.033825983971084]
intercept : -409515.3658777421

remove_FI91601_value 470
knn value
2022-08-20 09:55:53
linear_regression:
r2 = 0.08290344367795588
MSE = 381.3216213121797
RMSE = 19.52745813750934
slope : [0.11288050853827354, -0.215077625846367, 0.20071241865668912, 305.45619867862064, 189.12309409385472, 0.0002513501387504083, 4.295274280975758, 0.016146428073772336, 0.003652602338532429, 0.03566728939352103, -0.026029049500267906, -3.126547341065148, -51.873241051726524]
intercept : 135.30403973554502

2022-08-20 09:55:53
lasso:
r2 = 0.07953064600166482
MSE = 382.72400437578983
RMSE = 19.563333161191878
slope : [0.11186601515074006, -0.22107428915278116, 0.19256042819258645, 0.0, 0.0, 0.0002859597045569961, 0.0, 0.014939559659235956, 0.005463788700281923, 0.054124881442952175, -0.03250287766789311, -0.0, -0.0]
intercept : 112.69799840202992

2022-08-20 09:55:53
polynomial:
degree :1
r2 = 0.08290344367782831
MSE = 381.3216213122327
RMSE = 19.527458137510695
slope : [0.0, 0.11288050853829729, -0.2150776258464379, 0.20071241865654474, 305.4561986771834, 189.12309409389158, 0.00025135013884914487, 4.295274280968193, 0.01614642807393367, 0.00365260233853644, 0.03566728939342335, -0.026029049500272135, -3.126547341062317, -51.873241051727426]
intercept : 135.3040397355287

2022-08-20 09:56:02
polynomial:
degree :2
r2 = -2.5398110783403456
MSE = 1471.8259383121733
RMSE = 38.36438372126123
slope : [272330659.2374943, -21.851160589148552, 2.231201516313987, -30.203841497107202, -4379.905637683465, 174776.03106546644, -46.384371283223764, -2482.791723212039, 13.459577856621921, -1.288292353985884, -19.15071916939355, 63.20653715073131, -14389.609371883667, 8202.843817717541, -0.005558193332520209, -0.0001885471827538926, -0.017516090237270972, 33.38472565584249, -5.059576015789148, 0.0071506766245461525, -2.01529460928394, -0.0012237739895053917, 0.000518594384328476, 0.0027839748194594532, -0.005298302618078059, -4.282392610144529, 69.88372300007039, -0.011507071992173712, -0.09578719328752022, -32.980392600586306, -37.56214932800389, 0.04105531676644636, 1.6262025793790258, 0.0014632462480221875, 0.0004862206696998328, 0.06543806529862195, -0.07521443045698106, 7.585792222499322, 10.182484278966058, 0.005050446775840101, -41.165299424850424, 125.76615045534452, 0.08098388516100385, 0.6425512586442466, 0.0004723503051309308, -0.0012190012857900001, 0.15598084601970186, -0.21150024939902323, 206.43786658852392, -33.64231055453572, -52882.35855237655, -330253.76755027764, 13.711187011213099, 1905.1401855836696, -29.678651753052236, 2.94033772088369, -32.299315278202286, 82.90889233473925, 26755.66482255347, -5204.656494124097, 136871.21625180534, 47.800493271363464, -3458.2212545031916, -0.889293925270465, -1.7476263137082242, -105.56425209277594, 65.26525633772354, -336930.86452881765, 57037.078181297904, -2.70726959570311e-05, 0.25038553821950416, -0.00034459273592801765, 0.0025979021593229845, 0.011517894929966133, 0.00622857989219483, -25.240116170253202, 64.78405934333068, 107.98898001342855, 0.34060089064303156, 0.24705657073536713, -11.355991484092392, 2.9060538443580484, -79.957146978409, 3031.3220608187266, -0.0001430239644832909, -0.00015281271384992579, 0.00040750636981101707, -0.0018931558952317573, -25.934951562864626, -1.660196180031562, -7.452008503605612e-07, 0.0016970444448816124, -0.002754163258941844, 3.0208683867604122, -1.3526449098644662, -0.01455238570815709, 0.03466229728110193, -54.97538014198123, 2.7392834646151414, -0.040291651687766716, 16.767417515101414, -36.974715652393684, 14100.648364367653, -25528.25891217561, 6184.630947565003]
intercept : -272328060.43779826

2022-08-20 09:56:09
polynomial:
degree :3
r2 = -13.424289830532171
MSE = 5997.507619605379
RMSE = 77.44357700678204
slope : [13892.44801280173, -1091.2179034703302, -698.5137555792097, 283.78269372780534, -24.0960174596576, -1.5452442370877775, 2781.498957579684, -29.408999524817453, 301.403366140032, 42.3184501762118, -2404.6900535817804, 17.56036195087261, 67.27664643731673, -21.317238932362084, -2.6421637511058127, 2.4529409412705587, 5.671077752284039, 440.06603199648924, -5214.262021006265, -5.238837505111203, -1048.2385752274795, 0.7000440905854712, -0.17710609727966467, 2.9078718529349077, 3.071508264306397, 1638.3537497047114, 1654.564678465917, 0.6237948462220635, -0.7059151946475248, -433.60050688120856, -3835.7891176016115, -1.0597984915034409, 157.3062469046161, -0.37810521243008566, 0.023654201596421842, 0.32341671312384257, -0.8350818161310101, 2175.1774621666505, -726.8801910444632, 9.236420720788184, 3385.931144833527, 256.7456471724147, -3.0142661633901486, 433.72733098809516, -1.0764381210435043, -0.0602303514055782, 0.5110172704850927, 2.318969900714409, -373.7862085358306, 317.1896019006905, -1.205735892299913, -0.5008139466943272, 91.48931260682171, -23.298473306749443, 312.04935334017904, -34.002927935170206, 1979.7239356495425, 1505.5534278530292, -17.288149982483944, -26.90556715683271, -3.693324680584157, 2832.1132039775557, -2.86164317784229, -1310.7681908912457, 643.2431744441435, -4995.486713238185, -5932.958733864645, -8.354932135294709, -4.778877968965633, 1.3546221103062175, -319.20291241412946, -0.10443657570537734, 0.1566153302554376, -7.140248326627876, -0.18451720959362372, -11486.85778024706, 1248.7953972784576, -145.65910717911672, -42.85391693788154, -14.635201503496711, -917.3135073335743, 1219.4415115074748, -21.450602666909347, -164.9476261054899, 0.045593382166849494, -0.002711985819189522, 1.107437248012383, 0.04616132222018976, -1108.4247761877577, 124.72131720478292, 0.0019899674659882294, -0.09299798713013985, -0.16447641860924733, -242.31898106836277, 70.35556634270738, 6.797553541118807, -2.2256927942749574, 8321.379624126934, 905.5930876332524, -1.6844938476719475, 3431.8949939853755, -1013.7623191285428, 29.781207038323124, -1.255002798333925, 128.95615178954213, 8.230014469745583e-05, -0.00042880122106225826, -0.005558775103126301, 9.125286292245297, -8.302369709315881, 0.0001693051238191856, -0.17566018158914665, -5.257562344240796e-05, -9.412099188921275e-06, 0.002589191320851114, -0.0014057580152240234, 7.303320882584051, -2.116576157203948, -0.0018237216425234237, 0.007754837670304937, 6.125743701365682, 21.92893443678684, 0.0017034143088494602, 0.41086751471487837, 0.00024685663520074286, -6.346114514599321e-05, 0.0006203551044023925, 0.0054629929323084525, -0.5266996354096063, -2.1221678582377885, 0.018232900152946298, -1.2349310996089262, 21.15108061260374, 0.003091905834512465, 1.36497693371842, -0.0001889273370210276, -0.00046699833012553427, -0.004456245479504517, 0.01681331446046741, -16.213822901346575, -3.493838247727768, -41.39023256051667, -158.908943748739, -3.4759457058579377, 938.1267783620995, -2.620070567880649, -1.0899268919579486, 3.7392382290602897, 19.212661704201725, 113.24965506972201, -727.3084300605191, -568.8628707399162, -23.87761326476304, -179.1323408982561, -11.265246075731948, 0.14296451800791043, 13.28016336977446, -29.506748582411465, -2792.904953210641, -3270.9006865286583, -0.0008682958787318285, 1.062632065259138, 0.00015936784225267786, 0.00028357188966765534, 0.00465623749167321, 0.005814613425241255, 0.44550267267818805, 5.701785391969333, 53.86617582820802, -0.14522300879065908, -0.0047253918177325716, 0.9345936848866278, -1.2878031549584557, 1509.96795983987, 303.68173163149226, -1.673700137416745e-05, -8.992501079774229e-06, -0.00024185748861782486, 0.00036084752576925894, -1.8792715263852204, 0.4096743187101747, 9.869790119410027e-06, -0.0005816514770344838, 0.00037383420294645475, -0.03486279394229008, 0.45334544959525314, 0.0075179298827650065, -0.01237936105177262, 6.110529203396425, -11.650279286200254, 0.004624448735373932, -17.594616351364625, 0.9292362509526254, 2356.8175514608224, -6194.445476818503, 1227.6109584181654, -7.940799571315438e-05, -0.0020788922016095057, 2.176634916994754, 3.48107804263086, -0.0007262238126486409, 0.1316117620447521, -1.6746816548618426e-05, -1.3696226687898161e-05, -0.0016762644997356801, 0.0013436842056080422, -0.7685608372217221, 0.0351732493333472, -0.009056317790481216, 0.38886901746848057, -2.858242416966635, -0.001123874422845006, 0.02536545740300289, -0.00031347717651897256, 9.849244952420122e-05, 0.00033825585413183035, 0.007721758818144631, 3.880197243072723, 0.29825374259079795, -1553.762808951595, -149.89066731227834, 0.9240448437138374, 738.9257834399444, -1.2286010112038315, -0.44225763601723855, -2.5470727410874154, 3.4313843743273313, 252.00335755862227, 55.095072415112575, -2302.901850540473, 0.16458118959932616, -962.9870824450292, -0.9142209223045737, -0.2687157461842453, 20.069942875503635, -0.4061507483057822, -560.560485463352, 685.8828580351553, -0.00025831272391485527, -0.04793280599278371, -5.951318757979607e-05, 3.6347969398775604e-06, 0.00607829921841585, 9.320919701849562e-05, 2.691760393121267, 0.13718730958102016, -25.50139659788664, 0.029447777951101095, -0.03172813413446818, 0.9493338912079416, -1.0712074670237408, -279.482256368791, 15.548664129720747, 3.268043656134978e-06, 8.077108077486628e-06, 5.521195544133661e-05, 0.0005329226869434933, 0.6332739828741616, 0.03855110689731234, 8.549347825237419e-07, 0.00012937190535922127, -0.00012013035507152381, -0.07349042569789077, 0.0660792897484157, -0.00309165527028199, 0.0036073766080448877, -0.35377076915236305, 2.312006764620205, -0.006195211648616805, 4.899756133915364, -5.574935843855132, -2320.574610057636, 1477.626974978128, -55.46548835552555, -0.004517520516721163, 6.283771771242903, 5.725686108593577, -0.030684441932953277, 0.4914341248139626, 0.001995076331681389, 2.4356882022402715e-07, -0.02532991802419371, 0.04869106408379675, 0.07456234710214087, -16.25814802210919, 626.3319088059881, 16.877266195436764, -3.659062041765689, 570.018647037334, -1.303293258378859, -0.387194220963053, -5.00600678406134, -26.685127594554526, 1082.4403981251953, -741.3670705717441, 32.58941928791162, -34.04308967666336, 282.23307356770607, 7.326800531765814, 0.35150338508656453, -42.93887323412504, 34.24521676379863, 195.87024983703648, 519.9482839640921, 0.0027827553718195452, -0.03289002752258385, 0.0005505473293325736, -7.822993075023987e-05, 0.004564365570648654, 0.004136565822172589, 5.022971914632365, 2.9173060116988503, -165.74410028098092, 0.19612985172692798, 0.03940473778293452, 2.732742320041376, -1.9702306875830902, -2179.244304333359, 1012.6652244225837, 4.233895357685924e-05, 8.285733645152504e-05, -0.0002508585917837536, -7.35131788012211e-05, 1.5354418331051451, 0.15293027273337503, 6.72784068456167e-06, 0.0004922334059642708, -0.0005901087690460827, -0.13300723388859392, 0.0345203613679641, -0.0003310892925920683, 0.00408236778610771, -11.153369420536665, 7.023620103019972, -0.009781042965305353, 3.2237014659104286, -14.559612986701083, -736.4193966073516, 238.80824470490643, -57.7088242898951, -0.5498543717487142, 0.004314117511185174, -3046.1836395560645, -1.9759691089896303, 96.35249161405802, 255.0150891076437, -602.8959579143386, -728.0992267181791, -0.6049021414001294, -0.3867542345712093, -0.031264607500588584, 129.1253401800153, 0.40890574444525685, -545.9262733332878, -114.19742174052699, -463.8945929821302, -599.7004311677861, -0.36588793118384405, -0.23480273466480853, 0.2440496894916304, 587.8414787600675, 4.085452075250073, -0.002870201527409133, 1.033511876723452, -7.396738103002292, -347.8502066576089, -3180.1013853638165, 18.565966415958584, -206.38247450163192, -16.209542076100846, 267.0621697733734, -4621.679795230507, -14.03665532431682, -17.35141652213659, -0.008033067411436057, 0.2401748389912779, -0.5535571534751388, -0.7665901253566676, -1901.8424203720836, 272.9260191823079, 0.026185956260917465, -0.4260689440175014, -0.4563545610139794, 91.6011936397307, 25.833924498318048, 20.230833291204682, -27.050316622129603, 661.990419355766, -100.42904289007181, 14.889576059951517, 97.28328551306521, -1096.2115462831562, -8.863088427685044, -14.610692437100937, -10.851485532134674, -0.03711757721210611, -352.0835770214906, 0.8424098627958978, -1867.3235916532083, 409.7398439312932, -1603.7126460510026, -1749.0907441552363, -1.8803015733294701, -0.7997835583644085, -3.7212298905200036, -456.4457434794188, 1.4281348198951456, -0.6247725229740098, -15.46600723331654, 9.005772479770231, 2100.6693682280506, 1492.1734727217906, -5.682655060861175, 1086.9791140894326, -25.463437087558535, 2186.681273073704, 2858.4445635855036, -1.008434999881653, -0.22790421860475388, 0.413728597797312, 0.12724148871699548, -8.336364131595074, 5.628445502214888, 1007.8008835744547, 2033.263714858878, -0.05570759732398756, -0.7128953342742155, 1.3510224298236273, 47.65853573304341, -90.34179149960642, 22.529833331974608, -14.481456380434697, -2680.4673183051277, -1078.4692076050621, 2.7304707116737066, -3029.4201421133534, -1479.2229581228378, -4.217662316104942, -2.5224835121061053, -2.3614566896942613, 3.7935770933472668e-06, -0.3647288882771426, -6.461996414941495e-05, -6.829962612187046e-05, 3.5870586543751415e-05, -0.0016465938295695537, -1.57219770999892, 0.1073641116849122, -33.00823598532718, 0.020978687659512385, -0.01534584607609979, 2.6911015475828663, -0.6738176213289737, 741.9159641183654, -226.8134653580782, -9.695817198007717e-07, -1.2052905873360942e-05, -0.00010118142127168994, 0.0004813006790200802, 0.4346335528043761, -0.2241522852782198, -3.739871544894413e-06, -0.0001343612466371269, 0.0004233017041315179, -0.292528403746557, 0.009516870958143464, 1.0270194472639105e-06, 0.010582855785695955, 6.509163079038666, 0.6642303071131325, -0.004920398535233517, -4.357709673180507, 0.6739883956642823, 12624.562168446788, -2979.671540322025, -101.27404629515515, 5358.642613686831, 5.460148924224131, 2.4959459221175893, -62.24042989735368, 86.32070200188117, -60.902732709965306, -342.97888250547527, 0.008509529584282305, 0.002603869951855131, -0.26101455872416013, 0.11496756089096283, 31.750626101221233, 16.350601132132365, 0.0008528839002792665, 0.03264863684666963, 0.06931283499527119, 44.40651760270209, -18.695119182174523, -3.281427184013394, 0.2602247256769945, 1013.7775406585945, 490.0148647301632, 1.1436962883592545, -2674.804311151067, 444.87367025713337, -24.68486828018242, -75.70722023840771, -248.48599509944478, 3.440981686253508e-07, -1.5390969565487467e-07, 1.738320548838601e-05, -6.573416442279267e-05, -0.10277882015061834, 0.01765463047474114, -9.420324431630434e-08, 8.09659013611963e-07, -1.4533020532780938e-05, 0.00615234440155632, -0.012055768685883095, -0.0005362089198968079, -0.0003605440698777329, -1.8385483463593988, -0.3636998056438052, 0.0003320535291493343, -0.775587634412648, 0.3258523736413249, 1101.3131035641632, -206.56749958394454, -2.159872850547402, -9.669759037933545e-08, 3.0159631592141523e-06, 3.954572775910492e-06, -0.0012172830618624175, -0.0038539701769195744, 2.3259381123352796e-05, -1.1647400413039577e-05, 0.20246442462176084, -0.27651152380234345, -8.430655543634202e-05, 0.1349825787066088, 0.35873035201787484, 333.54345611544926, -168.95460934761184, 3.6054525719157366, -0.0028108823230041935, 0.0003526195453815717, -9.615286748467417, 0.16401415083782145, 0.0007980684518003045, -1.9387783165644317, 3.261204241903508, -7515.913727309835, -453.7954265481161, -1076.1742207018335, -0.0010879542658450703, 11.754346667567338, -0.3132471694367843, -8373.217430312778, 2406.652480861748, 1189.8130360931652, -1.0402804976370963, -12.697455203386447, 84.50363012128163, 138.1568159652029]
intercept : 21035.766640345955

